영업일자,느티나무 셀프BBQ_1인 수저세트,느티나무 셀프BBQ_BBQ55(단체),"느티나무 셀프BBQ_대여료 30,000원","느티나무 셀프BBQ_대여료 60,000원","느티나무 셀프BBQ_대여료 90,000원","느티나무 셀프BBQ_본삼겹 (단품,실내)",느티나무 셀프BBQ_스프라이트 (단체),느티나무 셀프BBQ_신라면,느티나무 셀프BBQ_쌈야채세트,느티나무 셀프BBQ_쌈장,느티나무 셀프BBQ_육개장 사발면,느티나무 셀프BBQ_일회용 소주컵,느티나무 셀프BBQ_일회용 종이컵,느티나무 셀프BBQ_잔디그늘집 대여료 (12인석),느티나무 셀프BBQ_잔디그늘집 대여료 (6인석),느티나무 셀프BBQ_잔디그늘집 의자 추가,느티나무 셀프BBQ_참이슬 (단체),느티나무 셀프BBQ_친환경 접시 14cm,느티나무 셀프BBQ_친환경 접시 23cm,느티나무 셀프BBQ_카스 병(단체),느티나무 셀프BBQ_콜라 (단체),느티나무 셀프BBQ_햇반,느티나무 셀프BBQ_허브솔트,담하_(단체) 공깃밥,담하_(단체) 생목살 김치전골 2.0,담하_(단체) 은이버섯 갈비탕,담하_(단체) 한우 우거지 국밥,담하_(단체) 황태해장국 3/27까지,담하_(정식) 된장찌개,담하_(정식) 물냉면 ,담하_(정식) 비빔냉면,담하_(후식) 된장찌개,담하_(후식) 물냉면,담하_(후식) 비빔냉면,담하_갑오징어 비빔밥,담하_갱시기,담하_공깃밥,담하_꼬막 비빔밥,담하_느린마을 막걸리,담하_담하 한우 불고기,담하_담하 한우 불고기 정식,담하_더덕 한우 지짐,담하_들깨 양지탕,담하_라면사리,담하_룸 이용료,담하_메밀면 사리,담하_명인안동소주,담하_명태회 비빔냉면,담하_문막 복분자 칵테일,담하_봉평메밀 물냉면,담하_생목살 김치찌개,담하_스프라이트,담하_은이버섯 갈비탕,담하_제로콜라,담하_참이슬,담하_처음처럼,담하_카스,담하_콜라,담하_테라,담하_하동 매실 칵테일,담하_한우 떡갈비 정식,담하_한우 미역국 정식,담하_한우 우거지 국밥,담하_한우 차돌박이 된장찌개,담하_황태해장국,라그로타_AUS (200g),라그로타_G-Charge(3),라그로타_Gls.Sileni,라그로타_Gls.미션 서드,라그로타_Open Food,라그로타_그릴드 비프 샐러드,라그로타_까르보나라,라그로타_모둠 해산물 플래터,라그로타_미션 서드 카베르네 쉬라,라그로타_버섯 크림 리조또,라그로타_빵 추가 (1인),라그로타_스프라이트,라그로타_시저 샐러드 ,라그로타_아메리카노,라그로타_알리오 에 올리오 ,라그로타_양갈비 (4ps),라그로타_자몽리치에이드,라그로타_제로콜라,라그로타_카스,라그로타_콜라,라그로타_하이네켄(생),라그로타_한우 (200g),라그로타_해산물 토마토 리조또,라그로타_해산물 토마토 스튜 파스타,라그로타_해산물 토마토 스파게티,"미라시아_(단체)브런치주중 36,000",미라시아_(오븐) 하와이안 쉬림프 피자,미라시아_(화덕) 불고기 페퍼로니 반반피자,미라시아_BBQ Platter,미라시아_BBQ 고기추가,미라시아_공깃밥,미라시아_글라스와인 (레드),미라시아_레인보우칵테일(알코올),미라시아_미라시아 브런치 (패키지),미라시아_버드와이저(무제한),미라시아_보일링 랍스타 플래터,미라시아_보일링 랍스타 플래터(덜매운맛),미라시아_브런치 2인 패키지 ,미라시아_브런치 4인 패키지 ,미라시아_브런치(대인) 주말,미라시아_브런치(대인) 주중,미라시아_브런치(어린이),미라시아_쉬림프 투움바 파스타,미라시아_스텔라(무제한),미라시아_스프라이트,미라시아_애플망고 에이드,미라시아_얼그레이 하이볼,미라시아_오븐구이 윙과 킬바사소세지,미라시아_유자 하이볼,미라시아_잭 애플 토닉,미라시아_칠리 치즈 프라이,미라시아_코카콜라,미라시아_코카콜라(제로),미라시아_콥 샐러드,미라시아_파스타면 추가(150g),미라시아_핑크레몬에이드,연회장_Cass Beer,연회장_Conference L1,연회장_Conference L2,연회장_Conference L3,연회장_Conference M1,연회장_Conference M8,연회장_Conference M9,연회장_Convention Hall,연회장_Cookie Platter,연회장_Grand Ballroom,연회장_OPUS 2,연회장_Regular Coffee,연회장_골뱅이무침,연회장_공깃밥,연회장_돈목살 김치찌개 (밥포함),연회장_로제 치즈떡볶이,연회장_마라샹궈,연회장_매콤 무뼈닭발&계란찜,연회장_모둠 돈육구이(3인),연회장_삼겹살추가 (200g),연회장_야채추가,연회장_왕갈비치킨,연회장_주먹밥 (2ea),카페테리아_공깃밥(추가),카페테리아_구슬아이스크림,카페테리아_단체식 13000(신),카페테리아_단체식 18000(신),카페테리아_돼지고기 김치찌개,카페테리아_복숭아 아이스티,카페테리아_새우 볶음밥,카페테리아_새우튀김 우동,카페테리아_샷 추가,카페테리아_수제 등심 돈까스,카페테리아_아메리카노(HOT),카페테리아_아메리카노(ICE),카페테리아_약 고추장 돌솥비빔밥,카페테리아_어린이 돈까스,카페테리아_오픈푸드,카페테리아_진사골 설렁탕,카페테리아_짜장면,카페테리아_짜장밥,카페테리아_짬뽕,카페테리아_짬뽕밥,카페테리아_치즈돈까스,카페테리아_카페라떼(HOT),카페테리아_카페라떼(ICE),카페테리아_한상 삼겹구이 정식(2인) 소요시간 약 15~20분,포레스트릿_꼬치어묵,포레스트릿_떡볶이,포레스트릿_복숭아 아이스티,포레스트릿_생수,포레스트릿_스프라이트,포레스트릿_아메리카노(HOT),포레스트릿_아메리카노(ICE),포레스트릿_치즈 핫도그,포레스트릿_카페라떼(HOT),포레스트릿_카페라떼(ICE),포레스트릿_코카콜라,포레스트릿_페스츄리 소시지,화담숲주막_느린마을 막걸리,화담숲주막_단호박 식혜 ,화담숲주막_병천순대,화담숲주막_스프라이트,화담숲주막_참살이 막걸리,화담숲주막_찹쌀식혜,화담숲주막_콜라,화담숲주막_해물파전,화담숲카페_메밀미숫가루,화담숲카페_아메리카노 HOT,화담숲카페_아메리카노 ICE,화담숲카페_카페라떼 ICE,화담숲카페_현미뻥스크림
TEST_00+1일,10.969702005386353,1.0,9.28579330444336,3.7402328252792354,1.1936463415622711,1.0,1.0,2.405819222331047,1.0,1.0,2.089470624923706,1.0875125229358673,1.120837852358818,2.125050723552704,26.68977677822113,1.0,1.0,1.0,1.0,1.0,1.0,2.0078296959400177,1.0,1,2.350236978381872,1,1,4.662471748888493,5.9025747030973434,4.629591017961502,2.5513817071914673,3.2080777511000633,1.8001290410757065,1.0,1.0,2.0247074961662292,42.33449673652649,1.0,1.0,19.74019594490528,13.523853356018662,1.0,3.3004636764526367,1,1.0,2.7275824546813965,1,4.408264219760895,1.0,2.4282141476869583,12.002859994769096,1.0,4.581585019826889,1.0,2.600931152701378,1.0,1.7680567502975464,1.0,1.0,1.0,17.49010467529297,12.18477988243103,26.23813710361719,7.265288598835468,13.228755444288254,1.6250157356262207,1.0,1.8706640601158142,2.8849267959594727,1.0,1.26165971159935,2.6781681776046753,1.0,1.272214651107788,2.287322923541069,1.905873604118824,1,2.1937745064496994,1.0,3.2552689909934998,1.0,1.0906382650136948,1.0,1.0,1.354023814201355,1.0,2.1814249455928802,1.9620460271835327,2.2376176714897156,8.62118175625801,4.931005616672337,1.5166716277599335,2.746451497077942,8.50985848903656,1.0,1,1,1.0081402957439423,40.153860211372375,5.729604184627533,1.1228471249341965,2.0886868238449097,5.548377156257629,1,124.3207985535264,4.878141768276691,26.926698684692383,3.5115898847579956,6.069882959127426,1.0,2.695266604423523,1.5942281484603882,2.482958436012268,1.8381455540657043,1.0,1.2253791093826294,1.6780181229114532,1.2316811084747314,1.0,1.0,1.3423900306224823,1,1.0,1.0,1,1.0,1,1.0,1.0,1.0,1.0,1,1,1.0,2.2136083245277405,1.1543470621109009,1.0,1.0,1.0,2.3679697513580322,1.0,1,1.6744166612625122,1.0,6.877566323615611,1.0,1.0,1.0,10.090614352375269,1.0,7.183844089508057,1.0,1.0,11.147895485162735,1.0,1.0,18.5286204777658,6.032418765127659,1.0,1.0,9.56660009548068,1.207982823252678,7.033817887306213,2.9586640298366547,10.491841480135918,1.0,1.0,8.176247477531433,14.65940836071968,6.537740243598818,7.457786053419113,11.676597385667264,1.2563062878325582,1.0387059580534697,31.503562331199646,14.233151389285922,1.9826845172792673,1.784256398677826,5.2888478487730035,6.004963666200638,21.365362741053104,7.0898741483688354,21.391588151454926,6.1448003724217415,30.623187124729156,12.785075604915619,11.636657863855362,61.236286908388145,35.22810325026512,5.413408856838942,29.62892111390829,5.539312530308962,17.561693340539932
TEST_00+2일,1.0,1.0,1.9093316793441772,1.0,1.0,1.0,3.6913848184049134,1.363077387213707,1.0,1.0,1.0,1.0,1.0,1.0,4.80000413954258,1.0,6.322531029582024,1.0,1.0,9.319634847342968,2.249605171382427,1.0,1.0,1,2.7836055681109424,1,1,7.1764037408866,4.1666786670684814,2.1717306040227413,2.157667860388756,1.0,1.2585822120308876,1.0682080686092377,1.0,1.3516418635845184,30.325755953788757,1.0,1.0,8.588920347392559,11.900579141452909,1.0,2.678992986679077,1,1.0,1.0755231976509094,1,3.531512826681137,1.0,2.179572567343712,7.986465439200401,1.0,3.93970587849617,1.0,1.9613239914178848,1.0,1.0,1.0,1.0224588215351105,1.0,13.965654373168945,6.446227937936783,11.9556824862957,5.964167706668377,7.270696062594652,1.5943683683872223,1.0,1.0,1.0,1.0,1.0714922100305557,1.5241657048463821,1.0,1.0,1.2034874930977821,1.0,1,1.0,1.0,1.2102788090705872,1.0,1.0,1.0,1.0,1.0,1.0,1.0,1.0,1.0,1.3136550411581993,35.94516109675169,1.2417005002498627,1.4576268196105957,3.141932465136051,1.0,1,1,1.0,20.065647661685944,1.4471083357930183,1.0,1.0,13.23191249370575,1,1.0,53.64788509905338,18.271529763936996,2.0683749616146088,4.083916544914246,1.0,1.7034043371677399,1.0,1.9531285762786865,1.5774089097976685,1.0,1.0029957443475723,1.1808141320943832,1.0215100646018982,1.0,1.0,1.0,1,1.0,1.0,1,1.0,1,1.0,1.0,1.0364766418933868,1.0,1,1,1.0,1.1723202280700207,1.0,1.0,1.0,1.0,1.0,1.0,1,1.0,1.0,5.266029550693929,1.0,1.0,6.692833378911027,8.376676516607404,1.0,6.334392115473747,1.0,1.0,9.843107625842094,1.0,1.0,13.722951851785183,4.471337527036667,1.0,1.0,6.403376754373312,1.0,5.983902335166931,2.199532963335514,8.035040378570557,1.0,1.0,5.3854697942733765,9.72827047435567,5.222114607691764,5.495920702815056,10.332854313310236,1.6453394922427833,1.0,10.58416637778282,9.573584168218078,1.3749922066926956,1.0,4.407518453896046,4.611299633979797,12.978236079216003,3.833070248365402,8.239455353468657,5.500732399523258,18.28113779425621,6.987997926771641,11.183789819478989,32.182397274300456,16.29017360508442,3.8481424562633038,22.238665772601962,5.03414349630475,10.14865561388433
TEST_00+3일,1.0,2.144102565944195,2.89209246635437,1.3390223234891891,1.0,1.0,5.070326503366233,1.139102429151535,1.0,1.0,1.0,1.0,1.0,1.0,1.0,1.0790494084358215,1.0,1.0,1.2149158120155334,14.177381284534931,1.4790099114179611,1.0,1.0,1,3.434545788913965,1,1,51.06202259659767,2.7101979330182076,1.0,1.1465271711349487,1.181001640856266,1.6076593101024628,1.1248192191123962,1.0,1.4896878600120544,29.729079723358154,1.0,1.3011762499809265,9.330804087221622,8.606570728123188,1.0,1.9472723007202148,1,1.0,1.0,1,3.0354350805282593,1.0,1.8047268390655518,6.414503633975983,1.0,3.7856865525245667,1.0,1.6771195828914642,1.0,1.0,1.0,1.0,1.0,8.74057388305664,1.9908538833260536,3.8267648331820965,6.34507579356432,3.6219148579984903,2.3563703894615173,1.0,1.0,1.9486664235591888,1.0,1.1090708523988724,1.0891291573643684,1.0,1.0,2.4220193922519684,1.1933431029319763,1,1.0,1.0,1.7887450158596039,1.0,1.0,1.0,1.0,1.0,1.0496782511472702,1.702503114938736,1.0,1.6937391459941864,3.218478240072727,56.46628294140101,1.0,1.405692994594574,2.5747353807091713,1.0,1,1,1.0,13.590775787830353,1.08107990026474,1.0,1.0,7.814175009727478,1,1.0,35.83159238100052,5.170277401804924,2.5843604058027267,3.097658231854439,1.0,2.036079913377762,1.0639236122369766,1.3967518508434296,1.0833664238452911,1.0,1.0,1.0,1.0445809364318848,1.0,1.1000315845012665,1.0,1,1.0,1.0,1,1.0,1,1.0,1.0,1.9836824387311935,1.0,1,1,1.0,1.020360104739666,1.0,1.0,1.0,1.0,1.0,1.0,1,1.0,1.0,2.820114027708769,1.0,21.138115972280502,47.03780040144921,6.251602021977305,1.0,5.411038912832737,1.0,1.0,7.662917407229543,1.0,1.0,8.664019523188472,1.6588471345603466,1.0,1.0,3.412170819938183,1.0,3.904133588075638,1.1499249935150146,4.616138532757759,1.0,1.0,4.385590553283691,3.797363113379107,4.52936128899455,2.9530416056513786,3.124034908832982,1.1946063372306526,1.0,4.753573149442673,3.046108294278384,1.0,1.0,2.6662855222821236,1.844114512205124,8.629843536764383,2.705126255750656,7.390752546489239,3.671137858182192,10.304135493934155,5.214657615870237,7.8703029453754425,19.737218460068107,13.70656292885542,3.4659565426409245,20.31629732809961,3.3763428730890155,9.090581685304642
TEST_00+4일,4.583639204502106,11.0865019261837,2.433056116104126,1.3797249794006348,1.0,1.0,7.576313473284245,2.0022958517074585,1.0,1.0,1.0,1.0,1.388489454984665,1.8183492869138718,1.0,1.3244350254535675,7.850716821849345,1.0,1.5486377477645874,29.342703577131033,1.0,1.0,1.0,1,4.134188778698444,1,1,28.754841852933172,2.832826115190983,1.0,1.0,1.8360558226704597,1.5995950251817703,1.2958332896232605,1.0,1.4175276458263397,33.067819118499756,1.0,1.2092550098896027,16.22995100915432,8.275021061301231,1.0,2.4190289974212646,1,1.0,1.0,1,3.083909660577774,1.0,1.7306222021579742,7.5346627831459045,1.0,3.9799666702747345,1.0,1.6853183135390282,1.0,1.0,1.0,1.0,1.0,9.172204971313477,2.258132614195347,6.7927391566336155,9.184600532054901,3.624309841543436,2.8500664234161377,1.0,1.3797880709171295,2.617107629776001,1.0,1.3280214741826057,1.3429824262857437,1.0,1.0785377025604248,2.298018231987953,1.4708539471030235,1,1.1194230616092682,1.0,2.3903022706508636,1.0,1.0,1.0,1.0,1.0,1.0055676475167274,2.056555598974228,1.0,2.6550328731536865,4.555695369839668,51.25015653669834,1.0,1.3697606325149536,2.2687814980745316,1.0,1,1,1.0,8.885778307914734,1.0,1.0,1.0,6.271729409694672,1,1.0,32.252699583768845,5.815911807119846,1.8334945142269135,1.9928529858589172,1.0,1.3935872912406921,1.0,1.0,1.0,1.0,1.0,1.1569727584719658,1.5056218206882477,1.0,1.0,1.0,1,1.0,1.0,1,1.0,1,1.0,1.0,1.7361391335725784,1.0,1,1,1.0,1.2653300911188126,1.0,1.0,1.0,1.0,1.0,1.0,1,1.0,1.0,1.9586596274748445,1.0,32.513415813446045,74.64779973030092,6.1864698976278305,1.0,4.06596265733242,1.0,1.0,6.272323618642986,1.0,1.0,6.050285812467337,1.0,1.0,1.0,1.1436023176647723,1.0,3.6773699820041656,1.0,3.4665059968829155,1.0,1.0,3.625722825527191,1.0,2.169583547627553,1.0,1.0,1.1909587075933814,1.0,6.447772439569235,1.0,1.0,1.0,2.095370039343834,1.0,11.106004025787115,3.081907331943512,10.65173126757145,3.247905485332012,10.863127652555704,8.018000638112426,7.946459278464317,26.12601290456951,17.501331232488155,2.340282080695033,15.337849105708301,4.179604137316346,8.697880078107119
TEST_00+5일,8.533764481544495,27.62711763381958,3.0338261127471924,1.907383143901825,1.0,1.0,14.096825502812864,4.182484298944473,1.0,1.0,1.0,1.0,1.3627609610557556,3.8465988636016846,3.2129840925335884,1.6688604652881622,22.106637060642242,1.0,1.9811512529850006,39.72613228484988,4.173924438655376,1.0,1.0,1,4.118222594261169,1,1,50.0619400665164,4.386403486132622,1.0,1.0,2.7169031873345375,1.8612482026219368,1.7434152960777283,1.0,2.194264382123947,40.202385663986206,1.0,1.1568593978881836,20.259362272918224,11.918134778738022,1.0,3.7145118713378906,1,1.0,1.3264569640159607,1,4.009869962930679,1.0,2.125752955675125,8.371151685714722,1.0,5.498947888612747,1.0,1.9768664985895157,1.0,1.0,1.0,1.480490118265152,1.0,9.40593147277832,1.7783750966191292,3.078560189343989,11.701844424009323,3.783786842599511,4.036567211151123,1.0,1.0,2.980664372444153,1.0,1.790098361670971,2.3590332865715027,1.0,1.0,2.172181576490402,1.9489094614982605,1,1.0,1.0,2.351789653301239,1.0,1.0,1.0,1.0,1.0186739265918732,1.0,1.437934935092926,1.0,2.477911561727524,4.477791607379913,64.370157122612,1.0,1.742260456085205,2.0234798714518547,1.172138825058937,1,1,1.0,12.448427349328995,1.7131555527448654,1.2240996211767197,1.0,6.170663595199585,1,2.9018892673775554,39.04292240738869,7.409418806433678,2.192719519138336,2.0234011113643646,1.0,1.4589612185955048,1.1398066580295563,1.0421361029148102,1.345590502023697,1.0,1.0,1.559586301445961,1.9318808615207672,1.596909686923027,1.451212465763092,1.0,1,1.0,1.104871064424515,1,1.2925212383270264,1,1.0,1.0,5.320813357830048,1.0,1,1,1.0,1.6324242949485779,1.002923995256424,1.0,1.0,1.0,1.0,1.0,1,1.0,1.0,3.739117662422359,1.0,69.72910165786743,104.89784419536592,7.307889845222235,1.0,4.704351805150509,1.0,1.0,7.1961480639874935,1.0,1.0,8.703921765089035,1.0,1.0,1.0,3.248760028742254,1.0,3.9473710283637047,1.2643282935023308,4.086018890142441,1.0,1.0,5.270061492919922,1.0,4.430750704370438,1.2786737084388733,2.762765276711434,1.436058848630637,1.0,4.63033089786768,1.0,1.0,1.0,3.577552519738674,1.0,19.727626740932465,4.519120752811432,10.501962192356586,4.896718394011259,13.537407740950584,10.926654115319252,10.274350941181183,35.677865613251925,11.989694125950336,4.385344684123993,20.231553446501493,6.385310450568795,9.557961020618677
TEST_00+6일,15.594298839569092,19.011049568653107,9.209962844848633,4.148556262254714,1.0,1.0,9.668622285127642,5.61037078499794,1.0,1.1975160241127014,1.4906638860702515,1.3114635646343231,1.919885277748108,6.150662451982498,7.043369114398955,1.2631499767303467,10.614904761314392,2.018827497959137,2.141660451889038,26.427268628031015,4.0283078327775,1.2096250802278519,1.0,1,3.474870007485151,1,1,83.10720942914486,6.616405874490738,2.417370490729809,1.791700504720211,5.617331832647324,3.4797629714012146,2.3969747126102448,1.0,3.783862888813019,54.46241593360901,1.0,2.5259795784950256,46.160686016082764,16.233768045902252,1.0,4.888117790222168,1,1.0,2.7498984336853027,1,4.649839848279953,1.0,2.7211298793554306,11.519023597240448,1.0,5.62392695248127,1.0,3.373275026679039,1.0,1.0,1.0638803243637085,2.2712448239326477,1.0,13.899312973022461,3.029706671833992,5.502286506816745,14.346043035387993,5.335149133577943,4.657965302467346,1.0,1.0,3.724452257156372,1.0,2.0468131452798843,3.5889927744865417,1.0,1.0,4.0874426662921906,2.2367997094988823,1,1.0,1.0,4.282373309135437,1.0,1.0,1.0,1.0,1.3827033340930939,1.0,2.4286381155252457,2.1475741267204285,3.8745158910751343,4.603475093841553,44.86493166536093,1.4136183261871338,3.209024965763092,9.37072205543518,1.8541233241558075,1,1,1.0,40.4704452753067,6.718322575092316,1.5446385741233826,1.0,5.9042147397994995,1,47.15466359630227,32.68350973725319,11.595480367541313,4.445666164159775,3.651944175362587,1.0412821173667908,3.410586416721344,1.4773458242416382,2.223043441772461,2.107802629470825,1.0,1.0,2.3362304270267487,2.233199328184128,2.774803787469864,1.684516966342926,1.0,1,1.0,1.0,1,1.0,1,1.0,1.0,4.511355757713318,1.0,1,1,3.939904272556305,2.75796115398407,3.576836585998535,1.8889043480157852,2.1961089968681335,1.6183075308799744,7.444812655448914,1.0,1,4.292777180671692,1.5109455585479736,6.157737354747951,1.0,131.0933768749237,112.01125383377077,9.794289175421,1.0,6.679555848240852,1.0,1.0,14.115596718154848,1.0,1.0,13.062525629997253,3.8186246939003463,1.0,1.0,7.046649936586618,1.0,5.860258936882019,2.857905164361,7.032933637499809,1.0,1.0,9.375690221786499,4.836272803600878,6.499218767974525,3.928521052002907,11.603494957089424,2.424379885196686,2.3146020248532295,10.724888339638708,5.971567302942277,1.3474033772945404,1.5328023210167885,4.966164410114289,3.2736021280288696,29.785029888153076,7.766983509063721,18.835714161396027,8.205601423978806,18.985441215336323,19.096864499151707,15.389176905155182,57.98250837251545,15.806300416588783,6.024688482284546,39.4671780988574,9.072304274886847,15.919457171112299
TEST_00+7일,19.554868936538696,6.460332423448563,14.336393356323242,7.0580594539642325,1.0,1.0,1.0,5.099179297685623,1.0,1.4065861701965332,2.2691410779953003,2.250715494155884,2.351127415895462,5.190865248441696,22.19388037919998,1.0,1.0,2.3919542133808136,1.7042192816734314,11.305297859944403,1.0,1.7983102798461914,1.0743176937103271,1,3.315208945423364,1,1,35.6099272146821,7.7800052762031555,5.0943348929286,2.885107919573784,6.66250017285347,4.2780134081840515,2.2606658935546875,1.0,4.4127532839775085,66.48835611343384,1.0,2.74126797914505,46.01914510130882,19.572500709444284,1.146768108010292,4.215816974639893,1,1.0,3.789065182209015,1,4.984628736972809,1.0,3.0656737089157104,15.140406757593155,1.0,5.298117578029633,1.0,3.5796459764242172,1.0,1.0641684383153915,1.0,1.6253937780857086,1.0,20.473939895629883,8.909022957086563,15.295903153717518,14.442181825637817,11.061905968934298,3.6450371146202087,1.0953747481107712,2.033001035451889,5.061028003692627,1.0,2.1262313425540924,3.736209064722061,1.0,1.0,4.719394266605377,2.770775556564331,1,1.2475968897342682,1.0,5.78876119852066,1.100493147969246,1.0061198472976685,1.0,1.4592979848384857,1.9277475774288177,2.25857712328434,2.381443977355957,3.833571672439575,4.788376092910767,8.915857166051865,1.0,1.4539773762226105,4.743334650993347,15.190483689308167,1.548580378293991,1,1,1.0,3.2905215471982956,10.997304439544678,1.4559228718280792,1.0,11.482511222362518,1,148.22532422840595,2.923974357545376,21.342579126358032,6.534095525741577,6.022656708955765,1.2230875343084335,4.527239799499512,2.9968759417533875,2.874891459941864,2.2270122170448303,1.0,1.0386500507593155,2.5382257997989655,2.0418429374694824,2.434435933828354,1.1375733464956284,1.3631685078144073,1,1.0,1.0,1,1.0,1,1.0,1.0,1.0,1.0,1,1,6.046271324157715,3.2704298570752144,4.968025088310242,3.142661601305008,2.179114818572998,1.6423249244689941,13.325861692428589,1.0185366868972778,1,5.907530784606934,1.908816397190094,8.559836456552148,1.0,66.97348952293396,56.383319348096855,10.623505849391222,1.0,10.163960874080658,1.1032227950636297,1.0,18.449702725745738,1.0,1.0,19.27493752539158,6.082454696297646,1.0,1.0,10.381461104378104,1.07168510556221,7.508275896310806,3.5992879569530487,8.723957002162933,1.0,1.0,10.9230637550354,12.058076202403754,10.599987633060664,5.929233878850937,10.14341372763738,4.265050906687975,2.992627788335085,28.050486460328102,12.327150288969278,2.094831643626094,2.9223082959651947,5.957583934068681,5.8035144209861755,34.4589738547802,12.672934234142303,33.88795182108879,10.360705815255642,30.92144437134266,26.39196826145053,16.431227773427963,97.4945191293955,38.259188532829285,4.862833768129349,50.61463760212064,9.491244591772556,19.916458278894424
TEST_01+1일,10.789706707000732,1.0,10.672418594360352,3.742408603429794,1.0,1.0,1.0,3.3264968544244766,2.271029055118561,1.0,1.0,1.3522985577583313,1.0,4.166292697191238,26.46098881959915,1.314881443977356,1.0,1.0,2.4219371378421783,1.0,1.0,2.311480790376663,1.0,1,4.288255535066128,1,1,15.809935200959446,4.593042075634003,5.595662243664265,2.067259058356285,5.598268568515778,4.428112059831619,1.2924893200397491,1.0,1.0,64.31943893432617,1.0,1.15275077521801,32.48226046562195,13.857834696769714,1.0,1.3284838199615479,1,1.0,3.8390344381332397,1,3.240378826856613,1.0,3.986161947250366,4.151971727609634,1.0,2.150356985628605,1.0,3.292313888669014,1.0,4.47424590587616,1.0,1.2466587126255035,1.6290593147277832,13.680272102355957,10.690917670726776,22.265891768038273,12.798202022910118,9.870370768010616,1.2932437658309937,1.0,1.3532854616641998,2.7498534321784973,1.0,1.0,1.0,1.1058959364891052,1.0,2.3797577619552612,1.5745775774121284,1,2.111450806260109,1.0,1.7120295763015747,3.2434430718421936,1.0,1.0,1.0,1.0,1.0,2.574401870369911,1.7808780074119568,1.0,5.181011378765106,1.0,1.8413381278514862,3.851877748966217,11.027902364730835,1.0,1,1,1.0,15.630278170108795,7.308889746665955,1.1447740346193314,2.315059006214142,4.451616927981377,1,96.71691991388798,1.0,41.43889558315277,1.6483861804008484,5.144410580396652,1.6768252849578857,3.070623278617859,1.4842122793197632,2.1028971672058105,1.6736763715744019,1.0,1.1283871531486511,3.7997187674045563,1.124718189239502,1.0,2.5774386525154114,1.099170744419098,1,1.0,1.0,1,1.0,1,1.0,1.0,1.0,1.0,1,1,3.5478946566581726,3.539024069905281,2.939968705177307,1.0923439264297485,1.0,1.4076434075832367,6.998361945152283,1.0,1,3.3013033866882324,1.0,4.23702082131058,1.0,1.0,1.0,6.35284686088562,1.0,5.522192493081093,1.0,1.0,4.508906428236514,1.0,1.0,17.11326763406396,4.0257872864604,1.0,1.0,7.426104860380292,1.0,5.087270237505436,2.1734114065766335,7.72968253493309,1.0,1.0,16.042137145996094,4.657299220561982,5.654191648587584,5.085424929857254,17.41448050364852,2.1088690124452114,1.0,25.328392565250397,15.952782956883311,1.0,1.761593073606491,4.238646253943443,4.285009726881981,14.949089959263802,3.579774498939514,6.015037298202515,1.0,23.35345171391964,7.22045679576695,3.3763439394533634,23.52060335688293,43.34195785224438,3.409275319427252,28.104511043056846,5.540033960714936,25.247277058660984
TEST_01+2일,1.4007258415222168,1.0,1.6300634145736694,1.0,1.0,1.0,2.964904442429543,1.8731432408094406,1.0,1.0,1.0,1.0,1.0,1.0,7.331840693950652,1.0,5.19917719066143,1.0,1.0,9.923073831014335,7.492766231298447,1.0,1.0,1,3.7607244774699207,1,1,19.227659460157156,3.1720795556902885,3.0928402058780193,1.433424949645996,2.856909066438675,4.00510311126709,1.0,1.0,1.0,46.030927658081055,1.0,1.0,18.67751646786928,11.295430267229676,1.0,1.0771071910858154,1,1.0,1.912735104560852,1,3.3893158733844757,1.0,3.196621984243393,3.3796862736344337,1.0,1.5526123046875,1.0,2.553626373410225,1.0,3.6044207215309143,1.0,1.0,1.0,10.189186096191406,5.722062706947327,14.190750125795603,5.858646161854267,7.109504722058773,1.0,1.0,1.0,1.0,1.0,1.0,1.0,1.0,1.0,1.0,1.1662278324365616,1,1.0,1.0,1.0,1.6807398200035095,1.0,1.0,1.0,1.0,1.0,1.0,1.0,1.0,1.0,3.8241592096164827,1.6046182811260223,1.0,7.497085869312286,1.0,1,1,1.1351030319929123,6.213305935263634,2.37306097894907,1.0,1.0,6.4589952528476715,1,1.0,6.525130998343229,33.609357595443726,1.5951792746782303,2.0835738629102707,1.2865468859672546,1.3405638933181763,1.0,1.9732911884784698,1.1532480269670486,1.0,1.0,2.611972689628601,1.124173253774643,1.0,1.2834744155406952,1.0,1,1.0,1.0,1,1.0,1,1.0,1.0,1.8200738355517387,1.0,1,1,1.3648292422294617,1.531084906309843,1.0,1.0,1.0,1.0,2.3752841353416443,1.0,1,1.0,1.0,4.15568604785949,1.0,1.0,2.6478042453527535,5.139550158753991,1.0,2.780105698853731,1.0,1.0,4.239277774933726,1.0,1.0,14.836478712037206,3.3014621511101723,1.0,1.0,4.309288562275469,1.0,4.438335694372654,1.7802251130342484,6.077419191598892,1.0,1.0,13.529303073883057,2.59009058540687,3.354191652499139,3.8888031244277954,15.786961908452211,2.6022520288825035,1.0,11.743733704090117,12.954119518399239,1.0,1.0,3.9634480997920036,3.788900449872017,8.927132282406092,1.8742266297340393,1.0,1.0,15.168708898127079,1.3287152233533561,3.1495101749897003,7.783424528315664,15.09066067636013,1.7632379895076156,22.341475449502468,4.426201153546572,12.557289507240057
TEST_01+3일,1.0,2.850404642522335,1.8319306373596191,1.0,1.0,1.0,5.476924173533917,1.1309972405433655,2.073240727186203,1.0,1.0,1.0,1.0,1.0,2.77855284512043,1.0,1.447188388556242,1.0,1.0,5.417595217004418,3.5794813372194767,1.0,1.0,1,4.8942625522613525,1,1,57.83647522330285,1.9406603649258614,1.2825730964541435,1.0,2.640016056597233,1.7529653012752533,1.0,1.0,1.0,34.62684178352356,1.0,1.0,18.014257587492466,7.288490545004606,1.0,1.18619966506958,1,1.0,1.0,1,3.482528805732727,1.0,2.676717221736908,4.21275720000267,1.0,1.8872773945331573,1.0,2.056080400943756,1.0,1.790018230676651,1.0,1.1060996353626251,1.0,4.893054485321045,1.0,5.273738946765661,4.106035366654396,4.741437692195177,1.5039464831352234,1.0,1.0,1.6326820850372314,1.0,1.1294813454151154,1.0,1.0,1.0,1.0,1.6545956954360008,1,1.0,1.0,1.0,1.0,1.0,1.0,1.0,1.0,1.0,1.856318637728691,1.1031851172447205,1.0,1.0,23.166308579966426,1.1659767478704453,1.7304567992687225,5.442136645317078,1.0,1,1,1.0,3.897854760289192,2.4063012152910233,1.0,1.0,1.1734294407069683,1,1.0,18.08427043259144,17.068951964378357,1.444836676120758,1.4479529112577438,1.0,1.2610097229480743,1.0264397412538528,1.5516042709350586,1.0,1.0,1.0,1.8638265877962112,1.0760612040758133,1.0,1.0249058902263641,1.0,1,1.0,1.0,1,1.0,1,1.0,1.0,1.0,1.0,1,1,1.4848904311656952,1.0607973672449589,1.0,1.0,1.0,1.0,1.0,1.0,1,1.0,1.0,4.080777823925018,1.0,30.089700222015377,18.14233675599099,3.5998545233160257,1.0,2.772114224731922,1.0,1.0,4.515295979101211,1.0,1.0,7.49782439507544,1.0,1.0,1.0,2.251280682394281,1.0,2.718148596584797,1.0,3.9251497760415077,1.0,1.0,11.415855884552002,1.0,4.095564445480703,2.17152938246727,7.477178410626947,1.6342332330532372,1.0,11.228824213147162,6.018167750909925,1.0,1.0,2.8713888376951218,1.6090670973062515,5.029395185410976,2.016296535730362,2.281987639144063,1.0,11.050995700061321,1.0,2.4233659356832504,1.5005244815256449,12.785039395093918,1.5048971399664879,20.072631211951375,2.9431125009432435,9.345682952553034
TEST_01+4일,2.7977460622787476,11.561966389417648,1.9784033298492432,1.0,1.0,1.0,5.140093799680472,2.2037286311388016,2.9422396421432495,1.0,1.0,1.0,1.0,1.0,1.3004980981349945,1.0,1.0,1.0,1.0,17.87236380390823,7.9966482520103455,1.0,1.0,1,9.868799597024916,1,1,30.691341608762745,1.0,1.0278041157871485,1.0,2.6690752431750298,1.257883831858635,1.0,1.0,1.0,25.447551250457764,1.0,1.0,19.002075120806694,5.7857285579666495,1.0,2.582979917526245,1,1.0,1.0,1,2.971026211977005,1.0,2.357460379600525,5.93931370973587,1.0,2.101896457374096,1.0,1.7336367443203926,1.0,1.6697661578655243,1.0,1.0,1.0,4.897299289703369,1.0,6.631214719265699,4.64060727506876,4.244391560554504,1.7269444465637207,1.0,1.4867106080055237,1.50077223777771,1.0,1.226978525519371,1.0,1.0,1.0,1.0,1.4885343611240387,1,1.0,1.0,1.1849384680390358,1.0,1.0,1.0,1.0,1.0,1.0942357778549194,1.8723004683852196,1.0,1.0,1.7411056831479073,7.907891753129662,1.0179992765188217,1.0,6.064083784818649,1.0,1,1,1.0,1.0,1.9536661058664322,1.0,1.0,1.0,1,1.0,16.916132420301437,10.322090178728104,1.0,1.0,1.0,1.141272559762001,1.0,1.1747036129236221,1.0,1.0,1.0,1.4970826730132103,1.0,1.0,1.1646059900522232,1.0,1,1.0,1.0,1,1.0,1,1.0,1.0,4.838528037071228,1.0,1,1,1.7012563347816467,1.0,1.0,1.0,1.0,1.0,1.0,1.0,1,1.0,1.0,3.5818407740443945,1.0,33.30021947622299,27.011939734220512,3.44688618555665,1.0,1.2671269476413727,1.0,1.0,3.2235716220457107,1.0,1.0,4.366714145056903,1.0,1.0,1.0,1.4709775228984654,1.0,3.4073041528463364,1.0,3.1881625093519688,1.0,1.0,9.176889657974243,1.0,1.0,1.0,1.0,1.0879489034414291,1.0,13.488263241946695,3.4633902348577985,1.0,1.0,2.6796822771430016,1.0,6.403557900339365,1.2409727275371552,4.26058167591691,1.0,12.286540120840073,4.767816234380007,1.1366898007690907,12.22505494952202,22.4446227774024,1.7432954628020525,15.929727256298065,3.0097906664013863,8.75139132142067
TEST_01+5일,3.3595871925354004,30.44289529323578,1.0,1.0,1.0,1.0,15.385059848427774,4.657069444656372,2.4789629876613617,1.0,1.0,1.0,1.067337766289711,1.9306840002536774,4.3563757091760635,1.0,19.668808579444885,1.0,1.0,35.08231470361352,15.733334720134735,1.0,1.310693621635437,1,13.448925241827963,1,1,55.01577090471983,1.5497994795441628,1.0,1.0,2.948464997112751,1.5209272876381874,1.0,1.0,1.500873863697052,24.03527867794037,1.0,1.0,17.615636251866817,8.582637894898653,1.0,4.298619270324707,1,1.0,1.0,1,2.7083037048578262,1.0,4.079856127500534,8.43782664835453,1.0,3.4757707864046097,1.0,2.304772362112999,1.0,1.3773979246616364,1.0711327195167542,1.0,1.0,3.8054256439208984,1.0,4.164763804525137,2.597704656422138,4.2001377157866955,2.7488189935684204,1.0,1.0,1.5894238650798798,1.0,1.6372743621468544,1.0,1.0,1.0,1.0,1.7653701826930046,1,1.0,1.0,1.3110440224409103,1.0641223192214966,1.0,1.0,1.0,1.0,1.3673653453588486,1.1169224604964256,1.0628647357225418,1.0,2.2175287380814552,28.38917344808579,1.0,1.0,3.9638678580522537,1.0,1,1,1.0,3.1709627509117126,1.7862049341201782,1.0,1.0,1.0818565785884857,1,1.0,19.210100658237934,7.310380339622498,1.0,1.0,1.200181394815445,1.0,1.0,1.1608488857746124,1.0,1.0,1.0,2.338944599032402,1.1724711954593658,1.0,1.0102330148220062,1.0,1,1.0,1.0,1,1.0,1,1.4093142747879028,1.1013830453157425,5.548170357942581,1.0,1,1,2.1245747804641724,1.0,1.0,1.0,1.0,1.0,1.0,1.0,1,1.0,1.0,4.7841058522462845,1.0,66.79726839065552,43.00895527005196,5.147204257547855,1.0,1.1127313915640116,1.0,1.0,3.122343388851732,1.0,1.0,4.694671256933361,1.0,1.0,1.0,3.83754477603361,1.0,3.7002915367484093,1.269817478954792,3.702413186430931,1.0,1.0,6.310853958129883,1.0,2.131795207969844,1.0,1.0,1.5635915799066424,1.0,13.27499435096979,2.672182653099299,1.0,1.2676946260035038,3.68859301507473,1.0,13.539840579032898,4.58071768283844,1.6760029969736934,1.0,12.882492244243622,3.1336426036432385,1.144540198147297,18.052491336129606,15.073133334517479,2.039636019617319,21.098731365054846,6.189887747168541,11.983099021017551
TEST_01+6일,6.164153814315796,21.827886700630188,5.585914611816406,1.9926751554012299,1.0,1.0,15.906224913895132,5.973548591136932,3.356444835662842,1.0,1.0,1.0,1.702568233013153,3.7059393525123596,11.75447478890419,1.0,25.118838250637054,1.3025902211666107,1.8900448083877563,25.705810338258743,11.102706119418144,1.3575637713074684,1.8882544338703156,1,9.981291219592093,1,1,59.39948933199049,2.854911893606186,1.0,1.0,5.778054758906364,1.3038385659456253,1.396016925573349,1.0,2.7417105436325073,28.63413918018341,1.0,1.0,35.70381440222263,11.119202865287662,1.0,4.853489875793457,1,1.0,1.5440192818641663,1,2.3412621915340424,1.0,4.710467904806137,10.290920674800873,1.0308312624692917,3.8911394476890564,1.0,3.6247477680444717,1.0,1.2025631219148636,1.3793544471263885,1.0,1.0,6.515242576599121,1.0,3.767928969115019,6.328050956130028,5.523224417120218,3.5349637269973755,1.0,1.360631138086319,3.195154070854187,1.0,2.16202475130558,1.0735285133123398,1.0,1.0,1.2066878899931908,2.0471032708883286,1,1.1331036686897278,1.0,2.342909350991249,1.564803123474121,1.439708173274994,1.0,1.0,1.339389830827713,2.7482856810092926,2.134784683585167,2.890833616256714,1.31707563996315,2.960118480026722,44.52749552205205,1.069256216287613,2.0076394081115723,8.253879994153976,1.0,1,1,1.0,21.355109453201294,5.63770204782486,1.1540985107421875,1.0,5.30754616856575,1,36.37662995606661,23.594738207757473,10.414808973670006,1.9602718651294708,3.4855660051107407,1.9040824472904205,1.2102405726909637,1.3842496275901794,1.8192481994628906,1.9603440165519714,1.0,1.0,3.155934065580368,1.569637805223465,1.8272532150149345,1.0,1.091914176940918,1,1.0,1.0,1,1.0,1,1.3309259414672852,1.0,1.0,1.165739893913269,1,1,4.160568416118622,1.447032243013382,1.100028157234192,1.5345634147524834,1.8681296706199646,1.0804465413093567,4.196288287639618,1.0,1,2.432139813899994,1.0,6.890438064932823,1.0,122.20569849014281,58.48632320761681,7.02737583220005,1.0,3.7279361486434937,1.0,1.0,9.126100831665099,1.0,1.0,7.162453950382769,2.2911895029246807,1.0,1.0,7.365106460638344,1.0,5.981177255511284,2.670625224709511,5.902916729450226,1.0,1.0,8.519511222839355,1.0,4.31905116001144,3.6531538516283035,7.1713172318413845,2.6277247862890363,1.4984981319867074,26.072159469127655,8.964290849864485,1.0,3.178934007883072,5.212062090635301,1.1263559386134148,20.263394601643085,8.566500842571259,5.944450311362743,3.583667501807213,24.823602214455605,6.8875339441001415,5.526367500424385,34.5735196955502,20.195074751973152,2.5518257170915604,41.613463684916496,11.097912043333054,22.735604010522366
TEST_01+7일,11.27421498298645,6.031085103750229,12.535884857177734,6.383283674716949,1.0,1.369619071483612,2.4912450164556508,6.324634999036789,4.689470827579498,1.0,1.0,1.697121113538742,1.922576129436493,5.34315750002861,26.321596652269363,1.0,11.112792044878006,1.8069158494472504,2.9519757628440857,6.159078981727362,2.3500355519354343,2.530813068151474,1.5631265938282013,1,2.9777065012603994,1,1,13.757294467650354,4.775720626115799,1.476750522851944,1.9711708277463913,7.2125740349292755,2.6333416253328323,1.7946766316890717,1.0,2.9820701479911804,52.54201126098633,1.0,2.0509395003318787,43.425531312823296,15.179678127169609,1.0,3.1213765144348145,1,1.0,3.1421294808387756,1,1.6427254527807236,1.0,4.490711688995361,10.412966027855873,1.021990105509758,3.211425334215164,1.0,2.9522542655467987,1.0419780015945435,1.926562339067459,1.3341706991195679,1.5684592723846436,1.0,11.031331062316895,5.39421746134758,9.257606193423271,9.466204971075058,8.874324180185795,3.0052435398101807,1.0,2.6669788360595703,5.09498655796051,1.0,2.3041127622127533,1.4054618775844574,1.0,1.0,2.5047040432691574,2.289404161274433,1,1.8842777609825134,1.0,3.0789185166358948,1.7011484503746033,1.6210353374481201,1.0,1.0,1.4700347185134888,3.1600365042686462,2.383192554116249,3.8024282455444336,2.211664766073227,6.281820058822632,2.8645034856162965,1.110995039343834,7.223373651504517,13.514458179473877,1.1036796867847443,1,1,1.0,5.524152874946594,10.99735575914383,1.1778765171766281,1.0,10.276232779026031,1,132.58392177522182,18.2753137499094,25.47614523768425,2.1596389710903168,5.8261439204216,2.3409590125083923,3.0439573526382446,2.8498873114585876,2.2245125472545624,2.368146777153015,1.0,1.0,3.1938815116882324,1.6718968749046326,1.8265821039676666,1.082945093512535,1.4166900515556335,1,1.0,1.0,1,1.0,1,1.0,1.0,1.0,1.0,1,1,6.704115867614746,3.549990765750408,2.671150267124176,3.2106149196624756,2.3050683736801147,1.6989465057849884,10.376225709915161,1.0648063570261002,1,4.923622012138367,2.317529320716858,7.971141847781837,1.0,37.43248209357262,53.7074238061905,7.778724171221256,1.0,4.93733337521553,1.0,1.0,13.608324445784092,1.0,1.0,14.08848256804049,4.0399345979094505,1.0,1.0,9.934900302439928,1.0,7.738978996872902,3.39735309779644,7.352568283677101,1.0,1.0,13.81487488746643,6.1966896122321495,10.886922446079552,5.621749684214592,7.951531612779944,4.6526071429252625,3.584324913099408,37.82589602470398,14.364091284573078,1.6887335665524006,4.244577996432781,6.059539481997491,3.4918807074427605,21.703566573560238,13.6138254404068,13.491630554199219,6.750835552811623,38.60341891646385,13.857573252171278,7.328798249363899,55.32363653182984,50.548784136772156,1.0,54.86141247674823,13.078733794391155,31.087442636489868
TEST_02+1일,10.354089736938477,1.0,13.005772590637207,7.521560192108153,1.0,1.0,1.0,2.3749469965696335,1.0,1.0,2.2819438576698303,1.0450910776853561,1.5477070212364197,2.5325100123882294,31.495770066976544,1.0,1.0,1.0,1.0,9.65880791656673,1.0,2.458828389644623,2.3015934228897095,1,5.634858347475528,1,1,1.0,9.245519757270813,9.490891680121422,6.137800008058548,4.151013493537903,2.7674120664596558,1.1500188708305359,1.0,3.8019248843193054,71.15836119651794,4.838595390319824,3.4722542762756348,33.47058519721031,32.06320880353451,1.4488020539283752,2.5736851692199707,1,1.0,4.0932148694992065,1,5.008228242397308,1.0,2.9757275581359863,18.56889057159424,1.0,6.1666377782821655,1.0,2.2292525321245193,1.176161766052246,1.8786059319972992,1.0,1.0385403782129288,1.0,21.699739456176758,21.00964057445526,21.14009776711464,18.34962087869644,6.194711610674858,1.0,1.0,2.104356288909912,3.5688671469688416,1.0,1.0,1.0,1.0554668307304382,1.0,2.24888177216053,1.9315985962748528,1,2.3357071727514267,1.0,2.936555355787277,1.086311712861061,1.4219580590724945,1.0,1.267450600862503,1.0,1.0,1.6611617803573608,1.8532970547676086,2.3951373994350433,8.923141211271286,1.0,1.7840224504470825,5.212923884391785,6.170175343751907,1.499851942062378,1,1,1.570657640695572,28.50653064250946,17.072775185108185,1.0,1.0,6.634441941976547,1,161.18597611784935,1.0,59.70312321186066,5.1841020584106445,3.8017798215150833,2.1617846190929413,3.5790178179740906,1.0,1.9869276881217957,1.856234073638916,1.0,1.1264511942863464,3.45779612660408,1.5358898043632507,1.0,2.134237289428711,1.0,1,1.0,1.0,1,1.0,1,1.0,1.0,1.0,1.0,1,1,4.045529663562775,2.64425590634346,3.151596784591675,2.76741161942482,1.0,1.193489283323288,9.219006896018982,1.0,1,4.757974147796631,1.0,8.229790941812098,1.0,3.5188995301723476,13.640856444835672,11.27311041764915,1.0,9.757797360420227,1.0,1.0,16.23765399865806,1.0,1.0,26.508236955851316,8.716878570616245,1.0,1.0,14.104236535727978,1.710924506187439,9.17426535487175,4.116349086165428,12.622022286057472,1.0,1.0,15.348012447357178,8.846418108791115,3.756588078103959,7.290295362472534,13.517303373664616,1.078722132369876,5.745333768427372,30.961098417639732,12.204780107364058,2.0231499150395393,3.180238902568817,5.397394165396691,7.630067616701126,69.67467337846756,10.22445559501648,53.574397191405296,4.399067647755146,45.02452723681927,31.74534983932972,22.486770451068878,132.48236496001482,100.40383189916611,7.8244926407933235,89.28732052445412,28.426167145371437,50.70939593017101
TEST_02+2일,1.8900775909423828,5.2916111424565315,3.1159579753875732,1.6665221750736237,1.0,1.0,4.24086169153452,1.0,1.0,1.0,1.0,1.0,1.0,1.0,21.736478805541992,1.0,12.136934325098991,1.0,1.0,14.369563953951001,7.874999046325684,1.0,1.0,1,4.063659925013781,1,1,1.1155552184209228,5.774093002080917,6.663034826517105,6.40527930855751,3.065338835120201,2.196338027715683,1.0,1.0,1.8227371573448181,57.46483898162842,4.2821404710412025,2.2006380558013916,23.783207684755325,28.53999314457178,1.380886435508728,1.8662691116333008,1,1.0,2.3239766061306,1,4.091788977384567,1.0,3.018832355737686,16.84991753101349,1.0,5.28868094086647,1.0,1.7472005635499954,1.0254942625761032,1.787438690662384,1.0,1.0,1.0,19.026092529296875,13.91799920797348,13.105955131351948,14.586192831397057,3.27842696942389,1.0,1.0,1.0,1.4613381028175354,1.0,1.409480720758438,1.0,1.1255934834480286,1.0,1.8119280189275742,1.0,1,2.828122079372406,1.0,1.0016576796770096,1.2350981682538986,1.0,1.0,1.0,1.0,1.0,1.0,1.0,1.0776697099208832,5.664894789457321,1.7527086753398182,1.5645946562290192,4.2783620953559875,3.2026440650224686,1.0,1,1,1.0,27.011962831020355,15.834260523319244,1.0,1.0,9.324545234441757,1,163.27833384275436,78.58953088521957,54.99469757080078,3.8690092265605927,1.9614217802882195,1.221863478422165,2.796604335308075,1.0,1.9467809796333313,1.0,1.0,1.0,3.1793271750211716,1.0172471404075623,1.0,1.0737352073192596,1.0,1,1.0,1.0,1,1.0,1,1.0,1.0,2.8456518799066544,1.0,1,1,1.8612027168273926,1.411640103906393,2.3748376965522766,1.4340070635080338,1.0,1.0,3.586834669113159,1.0,1,1.6034965217113495,1.0,6.760442899540067,1.0,1.0,57.518004849553115,9.188064781948924,1.0,9.241555988788605,1.0,1.0,14.30546104721725,1.0,1.0,21.138587690889835,6.202870346605778,1.0,1.0,9.745579570531845,1.2390979379415512,7.797309428453445,3.3396674543619156,9.848883181810379,1.0,1.0,17.996625900268555,4.963862895965577,1.565517482347786,4.991892874240875,12.038236344233155,1.6446966282092035,4.438128876499832,10.186691693961619,8.27534898556769,1.2322286143898964,1.5486501529812813,4.551650233566762,5.319642573595047,65.0141915678978,8.711966872215271,30.669671967625618,10.205921120941639,36.04276165366173,13.744334718212485,16.562261283397675,74.40436128526926,86.82654619216919,11.367942206561565,63.39382836595178,20.151633247733116,61.751590222120285
TEST_02+3일,1.0427272319793701,12.449226379394531,2.4449825286865234,1.2860158830881119,1.0,1.0,6.088632825762034,1.0,1.6546674072742462,1.0,1.0,1.0,1.0,1.0,8.257681131362915,1.0,14.747909456491469,1.0,1.0,18.241890780627728,5.3689610958099365,1.0,1.0,1,5.80742910504341,1,1,7.512951905373485,3.5633711367845535,3.330695014446974,5.768086940050125,3.1248494759202003,1.9987104088068008,1.0,1.0,1.7573708295822144,50.06487035751343,3.5894612222909927,2.4055902659893036,23.47545437514782,22.551452092826366,1.2621824443340302,1.5187137126922607,1,1.0,1.3447421789169312,1,3.1703615188598633,1.0,2.6566369235515594,15.527276694774628,1.0,6.34236541390419,1.0,1.502881608903408,1.0,2.133873701095581,1.0,1.0,1.0,12.880404472351074,4.590116947889328,10.820204369723797,15.714424639940262,2.5178484097123146,1.5301914513111115,1.0,1.0,2.467122972011566,1.0,1.7856093496084213,1.0,1.0,1.0,3.360664576292038,1.0980408638715744,1,3.5456304252147675,1.8212330341339111,1.8303024768829346,1.0,1.0,1.0,1.0,1.0,1.0,1.5648550540208817,1.0,1.8987013399600983,2.2087600976228714,36.68777424842119,1.0504353046417236,4.282245635986328,1.9611601531505585,1.0,1,1,1.0,29.519096553325653,15.26497596502304,1.0,1.0,8.067137449979782,1,85.21195314824581,87.3902890086174,36.180419981479645,4.326738923788071,2.4154318496584892,1.0,2.137790769338608,1.0,2.0165200531482697,1.0,1.0,1.0,2.842264696955681,1.0,1.0,1.3516506552696228,1.0,1,1.0,1.0,1,1.0,1,1.0,1.0,1.0,1.0,1,1,2.108454704284668,1.1869772151112556,2.1080081164836884,1.585654802620411,1.0,1.0,2.649742066860199,1.0,1,1.097332388162613,1.0,4.695304088294506,1.0,12.964440509676933,94.44981530308725,6.543502708896995,1.0,7.900291264057159,1.0,1.0,12.343378644436598,1.0,1.0,15.517522035166621,2.9592231400310993,1.0,1.0,5.113544560037553,1.0,5.565586149692535,2.3380356952548027,5.895294614136219,1.0,1.0,16.93935990333557,1.0,1.0,2.133914567530155,4.4118686963338405,1.0,2.614928181283176,4.582888621836901,2.4931682068854575,1.0,1.0,2.6599419340491295,1.4613652229309082,42.50074431300163,11.725758612155914,29.649941697716713,9.107624888420105,17.68067568540573,12.25000536069274,7.458134442567825,59.88156376406551,70.28357148170471,13.561805710196495,52.905834559351206,13.192722983658314,57.13190920650959
TEST_02+4일,4.229538440704346,26.369531750679016,3.814688205718994,1.651369422674179,1.0,1.0,7.61297956109047,1.0,1.0,1.0,1.0,1.0,1.0430026799440384,1.0,5.712486058473587,1.0,41.12180918455124,1.0,1.0,32.21380244940519,11.878063380718231,1.0,1.0,1,10.14498822391033,1,1,26.66265131905675,6.204402878880501,2.33547630161047,4.8563810884952545,3.3028436824679375,2.0616037398576736,1.0,1.0,1.2729594111442566,42.60253095626831,2.7213192731142044,2.549780309200287,29.669054597616196,23.677217919379473,1.548992544412613,2.475027084350586,1,1.0,1.3825927674770355,1,2.7916374504566193,1.0,2.788249045610428,14.45274432003498,1.0,7.6216524839401245,1.0,1.718892641365528,1.0,2.0876604318618774,1.0,1.0297209024429321,1.0,11.581045150756836,3.786582827568054,9.998236857354641,19.314233541488647,1.6656891535967588,1.7002514004707336,1.0,1.67630136013031,3.7180089950561523,1.0,1.8806344270706177,1.0,1.0008523613214493,1.0,3.199645519256592,1.6023442149162292,1,4.395899623632431,2.0604881644248962,2.5527480244636536,1.2456043064594269,1.0,1.0,1.0,1.0,1.0,2.505091577768326,1.0,2.8742533922195435,5.2032290995121,21.475817766040564,1.0,4.5761629939079285,1.601350598037243,1.0,1,1,1.0,33.156530141830444,14.34194415807724,1.0,1.0,7.6253595650196075,1,35.199270118027925,77.3585894703865,29.792544305324554,2.745148181915283,1.462436467409134,1.0,2.3953217267990112,1.0,2.0245665311813354,1.0,1.0,1.0,3.0630958825349808,1.0,1.0,1.6314271092414856,1.0,1,1.0,1.0,1,1.0,1,1.0,1.0,4.116072356700897,1.0,1,1,2.047174572944641,1.4336784556508064,2.081485390663147,1.1386347189545631,1.0,1.0,1.4651764929294586,1.0,1,1.170550137758255,1.0,3.6575551507994533,1.0,10.40542982518673,115.00375464558603,7.226151090115309,1.0,6.502423077821732,1.0,1.0,10.468339186161757,1.0,1.0,13.93181737139821,1.0476996302604675,1.0,1.0,2.4960741945542395,1.0,5.319837681949139,2.3202384561300278,4.808988183736801,1.0,1.0,14.258406162261963,1.0,1.0,1.0,2.3365298472344875,1.0,2.8456687461584806,5.359897013753653,1.0,1.0,1.2982173264026642,2.875564269721508,1.2618995271623135,54.7026926279068,16.972537636756897,40.83475485444069,8.755985423922539,18.829859122633934,21.88106071203947,6.328199282288551,92.6516454666853,80.96924096345901,13.170808553695679,63.98809924721718,16.60088550299406,52.823823653161526
TEST_02+5일,5.782705545425415,42.11941748857498,2.3402822017669678,1.3845692574977875,1.0,1.0,16.767977967858315,1.0,1.4948593080043793,1.0,1.3525064289569855,1.0,1.0,1.310136839747429,3.677018545567989,1.0,50.437675416469574,1.0,1.0,30.605905707925558,21.200681775808334,1.0,1.0,1,13.262541219592093,1,1,46.49494584649801,10.338538974523544,2.2308394834399223,4.604773789644241,4.414680138230324,1.895197257399559,1.10139861702919,1.0,1.9605840742588043,44.685404539108276,2.950141839683056,2.4842819571495056,35.09676456451416,24.2396322414279,1.8399876356124878,4.226459980010986,1,1.0,1.6911810636520386,1,2.941588133573532,1.0,3.9502384960651398,13.95176212489605,1.0,10.812385350465775,1.0,2.0745865255594254,1.283944547176361,2.0583680272102356,1.0244067758321762,1.216219887137413,1.0,11.064023971557617,1.6540843471884727,14.224838990718126,22.41854953765869,3.1204501558095217,2.3833592236042023,1.0,1.2085815519094467,4.579631984233856,1.0,2.4189797043800354,1.0,1.0524274408817291,1.0,3.5816219449043274,2.2583940997719765,1,4.715817868709564,1.150631234049797,2.6160749047994614,1.7723283171653748,1.0,1.0,1.0,1.0,1.0,1.358744502067566,1.509450227022171,2.929770052433014,5.247916474938393,29.275199454277757,1.0115642100572586,5.320505499839783,1.6955138370394707,1.0,1,1,1.0,36.22997725009918,13.347308993339539,1.1463146656751633,1.0,8.430224239826202,1,15.382426790893078,84.70282912254333,22.502122819423676,3.4662968516349792,2.0434031262993813,1.0,2.217171937227249,1.0,2.558852434158325,1.3111279904842377,1.0,1.0,2.7068929374217987,1.3346944749355316,1.4871883392333984,1.0,1.3239352405071259,1,1.000811219215393,1.0,1,1.2728016376495361,1,1.0,1.0,6.6473521292209625,1.0,1,1,2.435426115989685,1.7899736389517784,2.322700321674347,1.0428471118211746,1.0,1.0,1.7464186251163483,1.0,1,1.5829218924045563,1.0090769827365875,4.976482130587101,1.0,7.6009813696146,122.06129923462869,8.899996187537909,1.0,6.967733480036259,1.0,1.0,12.071316629648209,1.0,1.0,16.47279023937881,2.5671223141252995,1.0,1.0,4.954071803018451,1.0,5.617158159613609,2.8757305815815926,5.468931883573532,1.0,1.0,12.97298550605774,1.0,1.4791464712470765,1.0,6.84911343967542,1.0,3.3071797899901867,4.121298603713512,1.0,1.0,1.2837442941963673,4.008702367544174,3.5368041321635246,66.35628074407578,25.070432424545288,58.821625262498856,15.844189673662186,27.733965292572975,48.54088727384806,11.416502520442009,120.93587927520277,82.12728336453438,15.117520466446877,96.66111674159765,27.649540677666664,57.9498615860939
TEST_02+6일,10.662689208984375,24.997466504573822,3.9572484493255615,1.1265657991170883,1.0,1.0,14.144076094031336,1.888892948627472,3.1874841451644897,1.0,2.031773179769516,1.0,1.0,2.3244474828243256,8.007661812007427,1.0,19.68589872121811,1.8946446478366852,1.0,9.11205389071256,16.05599917471409,1.867298148572445,1.0,1,9.753684103488922,1,1,66.92488554865122,13.866259932518005,3.3942779302597046,4.670671880245209,6.132628977298737,3.1591174006462097,1.1540289968252182,1.0,3.958132565021515,46.295655250549316,3.766470290720463,3.637191653251648,56.93308711051941,31.09582358598709,1.975613534450531,5.107324600219727,1,1.0,2.927214801311493,1,3.5823395550251007,1.0,3.981775641441345,16.298995330929756,1.0,11.94823032617569,1.7581064999103546,3.164893761277199,1.6682127118110657,2.1609920263290405,1.4881521463394165,1.1072256416082382,1.0,12.87514877319336,1.4929271936416626,23.50379204750061,26.273589730262756,4.6709004286676645,3.2161271572113037,1.0,1.1487144231796265,4.763782024383545,1.0,2.7912671864032745,1.0,1.0,1.0,5.762150287628174,2.636135369539261,1,4.455843865871429,1.0,4.931673765182495,1.8330386281013489,1.0,1.0,1.0,1.3698096573352814,1.0,1.9575785100460052,3.5146257281303406,4.2287227511405945,4.424659043550491,59.186239689588554,1.59010648727417,6.547681093215942,6.160229712724686,1.0,1,1,1.0,40.71359610557556,14.403229773044586,1.3499964773654938,1.0,10.1881864964962,1,1.0,86.68225944042206,17.76678368449211,6.584598362445831,5.856851488351822,1.0,2.646617293357849,1.0,2.907470464706421,2.1673598885536194,1.0,1.0,3.3065494894981384,1.974107176065445,2.367354780435562,1.1341875046491623,1.7934435606002808,1,1.0,1.0,1,1.0,1,1.0294829607009888,1.0,1.3422949612140656,1.0435080528259277,1,1,3.3046984672546387,2.875896617770195,3.726508617401123,2.279801666736603,1.248115599155426,1.7542621493339539,8.284534215927124,1.0,1,5.028974413871765,2.1293294429779053,7.165329626761377,1.0,83.86959135532379,81.25486820936204,11.573665756732225,1.0,9.218299493193626,1.0,1.0,19.491998210549355,1.0,1.0,22.111579690128565,6.154285289347172,1.0,1.0,9.372566387988627,1.0,7.57413724064827,4.1807443499565125,8.35450979322195,1.0,1.0,9.228492975234985,3.197405627463014,5.959941476117819,3.269336447119713,14.367787917144595,1.9073813036084175,7.697756495326757,8.922451987862587,6.471800144761802,1.640686159953475,3.0184105038642883,5.116387270390988,7.134836092591286,61.173959374427795,43.199604749679565,79.04395043849945,30.43303057551384,36.440798193216324,53.79967734217644,19.90478366613388,180.79479150474072,72.35522657632828,17.38280989229679,117.23989378660917,31.233978532254696,65.26798099279404
TEST_02+7일,15.28602123260498,8.946593999862671,11.389814376831055,5.452225685119628,1.0,1.443968266248703,1.0420070998370652,2.563668116927147,4.743300676345825,1.0,2.8863316774368286,1.5121379494667053,1.5990746021270752,2.5800204277038574,26.89604088664055,1.0,1.0,2.4008269608020782,1.0,1.0,2.828538231551647,3.5081829875707626,1.38277068734169,1,4.957977477461099,1,1,34.17287718504667,13.775772392749786,6.204337164759636,5.864481180906296,7.601834446191788,4.356426447629929,1.198815032839775,1.0,6.603465676307678,58.78134274482727,4.864653125405312,4.0735068917274475,61.373958736658096,36.65686426311731,2.049359977245331,3.9753365516662598,1,1.0,4.082246720790863,1,4.2736508548259735,1.0,3.215796172618866,18.461963891983032,1.235441043972969,10.756505131721497,2.0454074442386627,3.9145928621292114,1.4731787145137787,2.6876574754714966,1.5533457696437836,1.0,1.0,16.933671951293945,12.181823372840881,33.75658696889877,24.076188147068024,7.435724169015884,2.9739686846733093,1.3658992946147919,2.2980602085590363,5.482698678970337,1.0,2.309444770216942,1.151146948337555,1.0,1.0,5.679655611515045,3.1662799417972565,1,2.4420462548732758,1.0,6.448809087276459,2.621474266052246,1.1310088634490967,1.0,1.231447011232376,1.806507408618927,1.1543012782931328,1.6303619742393494,4.7633737325668335,4.634910821914673,6.290472239255905,4.3450140045024455,1.8403314054012299,7.782624959945679,10.153715997934341,1.0,1,1,1.0,32.71109193563461,15.752468347549438,1.2065483629703522,1.0381974279880524,11.324479401111603,1,43.96751616150141,19.116277992725372,28.438109576702118,9.817063808441162,5.421764403581619,1.39814093708992,3.094123899936676,1.5519103407859802,3.0759793519973755,1.6548952460289001,1.0,1.0,3.6253371834754944,2.182459533214569,1.9581697136163712,1.981353759765625,1.8527939915657043,1,1.0,1.0,1,1.0,1,1.0,1.0,1.0,1.0,1,1,5.161421895027161,3.680649735033512,5.605298280715942,3.7487223744392395,1.9660228490829468,2.259843945503235,14.119609594345093,1.0525444895029068,1,8.128973245620728,1.6733133792877197,9.57010112516582,1.0,59.58398580551147,19.684435725212104,12.585206385701895,1.0,14.099206924438477,1.0,1.0,23.994819540530443,1.0,1.0,29.927898693829775,8.693843580782413,1.0,1.0,12.730502407997847,1.31767138838768,9.10083457827568,5.2550559639930725,9.80952213704586,1.0,1.0,8.542561531066895,12.84214017400518,13.15253690490499,6.081841364502907,13.59365875367075,4.087388450279832,9.782884884625673,24.841818273067474,13.549965679645538,2.5316776614636183,4.381608702242374,6.847219444811345,10.722466707229614,42.86998927593231,45.444252490997314,90.89096635580063,33.19666028022766,44.144035279750824,47.45298519730568,25.12870341539383,201.0977648198605,89.25196766853333,14.931930229067802,112.0967198163271,22.62215070426464,51.00328076630831
TEST_03+1일,9.538310766220093,1.0,12.150007247924805,4.334158629179,1.1535034328699112,1.0,1.8572008013725285,2.2612126171588898,2.2579139471054077,1.0,1.0,1.0,1.0,5.113992244005203,18.764913082122803,1.0,61.13756150007247,1.0,1.0,21.19275157339871,1.0,1.5550269931554794,1.9420795142650604,1,2.7567899040877815,1,1,1.0,19.38612538576126,5.896682716906071,5.686053395271301,6.683859944343567,1.0,2.9495972394943237,1.0,3.4674957394599915,68.31058740615845,14.04315561056137,1.0,57.3871873319149,44.27425745874643,2.9094189405441284,2.572566509246826,1,1.0,2.456672340631485,1,5.503253996372223,1.0,1.8293278515338898,16.492419704794884,1.4550155401229858,10.641677975654602,1.0,6.085061877965927,1.3816340267658234,3.054371476173401,1.0,1.1606034636497498,1.0,7.65507698059082,24.44364023208618,34.0318803191185,20.106148809194565,22.37054952979088,1.2574724853038788,1.0,2.9364681243896484,3.1342467665672302,1.0,1.7736200988292694,1.0,1.0,1.0,3.5044436156749725,2.069707028567791,1,1.5094047412276268,1.742141991853714,3.2892776131629944,1.0,1.3190563023090363,1.0,1.0,1.3119930028915405,1.0,1.559298187494278,2.629941999912262,5.097084641456604,7.042709365487099,6.3748364662751555,1.7092140018939972,5.641761422157288,9.182435005903244,1.0,1,1,1.0121025145053864,36.20834469795227,8.16060608625412,3.0624258518218994,1.0,6.081793695688248,1,139.24646191298962,17.98718385398388,44.05189746618271,5.034972906112671,3.685985505580902,1.58976212143898,3.3451449871063232,1.3954554498195648,2.0628544688224792,1.2435351312160492,1.0,1.1975238472223282,2.7573734521865845,2.1728037297725677,1.0,2.069852203130722,1.0,1,1.0,1.0,1,1.0,1,1.0,1.0,1.0,1.0,1,1,1.0,2.361219972372055,1.0,1.0,1.0,1.0,7.283685803413391,1.0,1,1.210651844739914,1.0,9.00418083742261,1.0,7.3720045387744895,31.739152967929847,14.255955684930086,1.0,10.926547318696976,1.0,1.0,26.872546272352338,1.0,1.0,26.824427012354136,6.826862014830112,1.0,1.0,14.829790607094765,1.6824018955230713,9.534869521856308,4.60072223842144,14.511566087603569,1.0,1.0,15.441787242889404,17.319395679980516,8.236762692220509,8.16756322979927,14.716623122803865,1.080826437100768,12.724948357790709,27.73687770962715,21.793721675872803,7.4132489785552025,3.572635017335415,5.652125351130963,10.053543895483017,111.78401559591293,55.982877016067505,108.8987423479557,39.5444729924202,78.9737817645073,78.01380146294832,50.04170745611191,386.6528503596783,98.53501975536346,62.48427927494049,79.13792710751295,24.770641587674618,70.69178402423859
TEST_03+2일,8.39649498462677,18.016513288021088,2.8090627193450928,1.0,1.0,1.0,9.552705742418768,1.1765806004405022,1.5757015347480774,1.0,1.0,1.0,1.0,2.7214571088552475,3.018944151699543,1.0,38.71200978755951,1.0,1.0,15.61629998497665,6.815999299287796,1.0,1.0,1,2.3578203096985817,1,1,9.7653628885746,18.686295747756958,5.743226453661919,6.412780612707138,5.413139820098877,1.0,1.6580307483673096,1.0,1.76521435379982,65.45930409431458,12.172324657440186,1.0,42.83019006252289,44.00797827541828,3.1167063117027283,1.8225655555725098,1,1.0,1.3976864516735077,1,4.348262637853622,1.0,1.711507186293602,14.081717029213905,1.373509168624878,8.61525285243988,1.0,5.56626632809639,1.1209392547607422,3.6816057562828064,1.0,1.6238293051719666,1.0,4.171046257019043,18.255820870399475,25.9819727987051,13.599166586995125,16.539498031139374,1.2307657301425934,1.0,1.0071764886379242,1.3139885663986206,1.0,1.5267187356948853,1.0,1.0,1.0,2.9310383796691895,1.3106795959174633,1,1.9149327278137207,1.0,1.4641613364219666,1.0,1.0,1.0,1.0,1.0,1.0,1.0,1.0,1.8652334809303284,1.0,27.11020197719336,1.514410674571991,2.8079724311828613,7.162091910839081,1.0,1,1,1.2104322761297226,22.37274420261383,3.123671919107437,2.2136178612709045,1.0,13.539084076881409,1,1.0,103.5971274971962,30.484909296035767,3.5960380733013153,2.589631825685501,1.0832206904888153,2.661929130554199,1.0,1.6608615219593048,1.0,1.0,1.0,2.6119713485240936,1.2188199162483215,1.0,1.0713008791208267,1.0,1,1.0,1.0,1,1.0,1,1.0,1.0,1.7787057906389236,1.0,1,1,1.0,1.0,1.0,1.0,1.0,1.0,2.848379611968994,1.0,1,1.0,1.0,7.647611055523157,1.0,33.238278329372406,56.24894447624684,11.538368009030819,1.0,9.197143480181694,1.0,1.0,20.974566059187055,1.0,1.0,22.16577871888876,5.358706697821617,1.0,1.0,10.836022017523646,1.2092532962560654,8.068885922431946,3.8054936453700066,11.537363678216934,1.0,1.0,14.125536680221558,11.533849803730847,5.769668449647724,5.874183177947998,13.044288121163843,1.8202230613678694,8.770979223772883,15.485611245036123,15.25180983170867,5.6345717795193195,1.6437860950827599,4.923302039504052,7.043931037187576,109.84388887882233,52.713754177093506,107.79094249010086,33.665109276771545,67.48253732919693,86.03846870362759,50.80812752246857,369.8021896183491,82.98213064670563,55.306050926446915,108.66098068654537,25.358734242618084,67.55300514400005
TEST_03+3일,4.4879961013793945,18.54007378220558,3.7062370777130127,1.0,1.0,1.0,10.932290844619276,1.509937271475792,2.640703320503235,1.0,1.0,1.0,1.0,1.0115057229995728,1.2046214193105698,1.0,24.389755725860596,1.0,1.0,23.72421944513917,7.083725184202194,1.0,1.0,1,2.2119515854865313,1,1,33.54011781513691,14.667996883392334,5.844954192638397,6.486792027950287,4.794087052345276,1.0,1.0,1.0,1.5825986862182617,61.77792024612427,11.114403456449509,1.0,37.54896521568298,25.82140588760376,2.8934162855148315,1.5095164775848389,1,1.0,1.0,1,3.353033125400543,1.0,1.346688412129879,12.67888118326664,1.0,8.48816567659378,1.0,5.220901072025299,1.1521326750516891,2.662453055381775,1.0,1.7830321192741394,1.0,1.026301622390747,9.371666640043259,21.60408552736044,13.415037766098976,10.354712292551994,1.9893494248390198,1.0,1.0,2.50491201877594,1.0,1.944800689816475,1.0,1.0,1.0,4.676311105489731,1.5729257836937904,1,2.2933629155158997,1.0,1.9125288277864456,1.0,1.0,1.0,1.0,1.0,1.0,1.477469801902771,1.643151342868805,1.6310809552669525,3.031635954976082,52.454872392117984,1.0024262964725494,2.789003849029541,5.58393269777298,1.0,1,1,1.0,21.498246610164642,2.618469424545765,1.146637201309204,1.0,7.572832703590393,1,1.0,60.92768609523773,14.334756433963776,3.9664891362190247,2.6456229388713837,1.0,1.9779935479164124,1.4424750208854675,1.2978287041187286,1.0,1.0,1.0,2.6464705914258957,1.0,1.0,1.1529669165611267,1.0,1,1.0,1.0,1,1.0,1,1.0,1.1961695551872253,2.4820031225681305,1.0,1,1,1.0,1.0,1.0,1.0,1.0,1.0,2.151491194963455,1.0,1,1.0,1.0,5.122440129518509,1.0,129.5445442199707,72.1491400897503,8.21143458969891,1.0,7.5763311088085175,1.0,1.0,16.33287480007857,1.0,1.0,17.087920619174838,1.921335410326719,1.0,1.0,6.103051378391683,1.0,5.754320502281189,2.7732667103409767,6.912469871342182,1.0,1.0,12.70213007926941,4.144718387164176,4.320143561810254,2.917000539600849,5.235111407237127,1.017169759143144,4.405536465346813,14.677489936351774,6.426187107339502,3.1909693218767643,1.0,3.153390847146511,2.8693705797195435,108.61355930566788,55.50117015838623,117.67139077186584,31.797354966402054,76.99688091874123,85.75655154883862,52.64585852622986,371.0464686155319,73.83683323860168,63.3898600935936,97.36457709223032,25.335512571036816,65.07997535169125
TEST_03+4일,4.368942379951477,34.73524510860443,4.337098121643066,1.0,1.0,1.0,16.59931280463934,2.167493999004364,1.4877039194107056,1.0,1.0,1.0,1.0,1.0,3.746993467211723,1.0,17.700111865997314,1.0,1.0,32.89579816162586,10.757032185792923,1.0,1.0,1,2.6849731709808107,1,1,41.90680207684636,11.911877453327179,6.151102714240551,6.076148062944412,4.324507623910904,1.0,1.0,1.0,1.228194385766983,55.312652349472046,10.56652083992958,1.0,36.005974188447,18.389826454222202,2.1197576820850372,2.493630886077881,1,1.0,1.0,1,2.9647837579250336,1.0,1.256167009472847,12.388087749481201,1.0,7.860909998416901,1.0,4.546951800584793,1.107363998889923,2.322629988193512,1.0,1.7102068662643433,1.0,2.1889827251434326,6.952549606561661,19.688654959201813,14.944013431668282,9.149411458522081,2.253294885158539,1.0,1.828659176826477,2.8667807579040527,1.0,2.2243530303239822,1.0,1.0,1.0,4.7895000874996185,1.5373393893241882,1,2.403271347284317,1.0,3.0852802991867065,1.0,1.359516829252243,1.0,1.0,1.0,1.0,2.578008770942688,1.798521876335144,3.917413651943207,3.7519396990537643,56.09090108424426,1.0,2.5375905632972717,6.715909659862518,1.0,1,1,1.0,25.663527846336365,1.929568737745285,1.0,1.0,6.020001769065857,1,1.0,53.75539422035217,11.621566981077194,2.6466018557548523,1.6326609998941422,1.0,2.2376489639282227,1.0,1.0393772274255753,1.4086316525936127,1.0,1.0,2.8899168223142624,1.0,1.0,1.472068578004837,1.0,1,1.0,1.0,1,1.0,1,1.0,1.2744905054569244,4.936068803071976,1.0,1,1,1.0,1.0,1.0,1.0,1.0,1.0,1.21058389544487,1.0,1,1.0,1.0,4.055330098606646,1.0,133.6734563112259,82.29225724935533,7.935996636748314,1.0,5.181626804172993,1.0,1.0,10.453439648263156,1.0,1.0,16.111016845330596,1.0,1.0,1.0,3.004747823346406,1.0,5.467864274978638,2.6809291690587997,5.719935044646263,1.0,1.0,9.67294156551361,1.0,2.1444834256544705,1.0,2.805984648875892,1.0,4.85564480535686,13.557760193943976,3.4778914246708164,1.7403753846883774,1.2656405568122864,3.1757180616259575,2.980286106467247,109.08729135990143,50.952068567276,117.31740355491638,35.70779100060463,88.30866873264313,82.7945376187563,49.168357253074646,394.18273642659193,75.0736092031002,64.88868594169617,102.0188195630908,26.433252543210983,59.36876267194748
TEST_03+5일,4.480852484703064,70.39472579956055,3.1187450885772705,1.0,1.0,1.0,27.858143568038944,4.240296185016632,1.0,1.0,1.0,1.0,1.0,1.0795477777719498,8.52983258664608,1.0,14.454052224755285,1.0,1.0,26.647891607135534,22.41970956325531,1.0,1.0,1,3.7780620530247684,1,1,68.76411460340023,10.517501592636108,8.964446872472763,6.295905977487564,5.143222153186798,1.0,1.0,1.0,2.034141570329666,54.507447481155396,12.180584818124771,1.0,32.832907885313034,15.603018444031477,1.7523741722106934,4.307743072509766,1,1.0,1.5161213278770447,1,2.6893976777791977,1.0,1.8608892560005188,12.418963134288788,1.0,10.92381539940834,1.1706627905368805,3.2125329226255417,1.0580788552761078,2.63124942779541,1.0,2.6640427112579346,1.0,2.323472499847412,4.9478921592235565,16.79229348152876,17.15234425663948,9.45540851354599,3.108983635902405,1.0,1.5924753248691559,3.356168568134308,1.0,2.551824599504471,1.0,1.0,1.0,5.672413945198059,1.934048905968666,1,2.6933515816926956,1.0,3.653521627187729,1.0,1.2794861197471619,1.0,1.0,1.0,1.541709378361702,1.3887935131788254,1.9813846051692963,2.9970166087150574,3.6600654870271683,64.3213677406311,1.1074632406234741,2.612393796443939,8.50753864645958,1.0,1,1,1.0,27.553097248077393,2.9075857400894165,1.0,1.0,5.9193390011787415,1,1.0,58.74940983951092,11.106290221214294,3.02213716506958,2.188987657427788,1.2280887365341187,1.967434138059616,1.0287395119667053,1.6063863039016724,1.8479928374290466,1.0906976461410522,1.0,2.7501732856035233,1.0,1.4741574972867966,1.0,1.176517903804779,1,1.5566459894180298,1.2335073947906496,1,1.0,1,1.0,1.0,6.966246664524078,1.0,1,1,1.0,1.0,1.0,1.0,1.0,1.0,2.0580564439296722,1.0,1,1.0,1.0,5.3691526195034385,1.0,63.43287974596023,79.56260442733766,9.914623873308301,1.0,5.640615798532963,1.0,1.0,12.708517300896347,1.0,1.0,13.67122253216803,1.0,1.0,1.0,5.0620853821747005,1.0,5.726318575441837,3.28453978151083,6.431556776165962,1.0,1.0,7.25810170173645,1.8303036862052984,6.511908154003321,1.0926005244255066,7.701460644602775,1.1028011329472065,5.08257370442152,11.89188541471958,3.8313872050493964,1.6923727467656136,1.1469861678779125,4.182965658605099,5.3739891946315765,106.91710337996483,49.34176325798035,105.17908215522766,41.342414915561676,95.11241734027863,85.46447530388832,51.75214380025864,377.2462897002697,68.78915056586266,57.98232927918434,119.51892841607332,29.951414354145527,64.49080601334572
TEST_03+6일,5.05391001701355,56.38889014720917,5.729290008544922,2.6085744500160217,1.0,1.0,18.890991114079952,4.993710815906525,1.902652382850647,1.0,1.0,1.0,1.3532191514968872,2.0674721896648407,16.686420142650604,1.6570942103862762,7.866494916379451,1.0,1.0,13.027471359819174,20.315024107694626,1.0,1.0,1,4.967631194740533,1,1,55.753161516040564,12.499346405267715,9.329445004463196,6.291865020990372,7.592836707830429,1.0,1.2070956826210022,1.0,3.360361158847809,58.509546756744385,13.464698195457458,1.0,41.18460938334465,17.826781429350376,1.4813369512557983,5.181756019592285,1,1.0,2.7339038252830505,1,3.151734799146652,1.0,2.1828396767377853,15.520786836743355,1.0,12.442377805709839,1.2053952366113663,3.1178469210863113,1.1436761170625687,2.590453326702118,1.0,3.1212010979652405,1.0,6.643891334533691,7.251789808273315,19.988325834274292,23.868321895599365,10.911396022886038,3.826684355735779,1.0,1.3551020622253418,4.212874174118042,1.0,3.0084221810102463,1.0,1.0,1.0,6.971206307411194,2.0068809390068054,1,3.237941265106201,1.3242682814598083,6.126097619533539,1.0,1.6428746283054352,1.0,1.0,1.0,2.8563442826271057,1.998339593410492,2.5991708040237427,2.926727533340454,3.6729028820991516,35.9161183051765,1.6214267909526825,3.279818594455719,15.400381565093994,1.4240503311157227,1,1,1.0,38.60410952568054,10.333118677139282,1.3143636286258698,1.0,5.93316587805748,1,11.387073202058673,52.892951890826225,15.270296901464462,5.944765508174896,4.402099922299385,2.39440381526947,2.4877281486988068,1.0,2.4120262265205383,1.776929348707199,1.0,1.0,3.1180451810359955,1.7140527069568634,2.470647543668747,1.0,1.7698834836483002,1,1.0,1.0,1,1.0,1,1.0,1.0,3.753603994846344,1.0,1,1,3.5671722888946533,2.6079073920845985,6.859760284423828,1.9699274003505707,1.6181278228759766,2.5693783164024353,7.541982531547546,1.0,1,5.0822532176971436,1.879696249961853,7.539019751362503,1.0,112.50133216381072,42.4606603384018,13.061070375144482,1.0,7.842232838273048,1.0,1.0,19.80867411196232,1.0,1.0,13.0139648783952,3.4957309551537032,1.0,1.0,9.455204389989376,1.0243722796440125,7.856283485889435,4.533432021737099,9.633503139019012,1.0,1.0,9.483258724212646,10.459911945741625,12.95479932753369,4.157027825713158,15.197073318995534,2.038331008516252,10.193706518039107,22.436433732509613,11.955572552978992,4.195556119084358,2.5502565689384937,5.225541949272157,9.45262998342514,108.08572232723236,52.76209473609924,116.74636945128441,44.45675313472748,90.42525231838226,83.23124393820763,57.746869921684265,399.8899251222611,67.83513084053993,46.6056689620018,161.42819728702307,34.676132686436176,66.10388651490211
TEST_03+7일,2.651952803134918,3.449571244418621,12.205574035644531,7.782004475593566,1.0,1.1082594096660614,2.4466622881591324,5.03877192735672,3.0570483207702637,1.0,1.0,1.0,1.6982968151569366,3.6664599180221558,27.825057506561276,1.7247200012207031,4.1645267978310585,1.0,1.0,7.004305003210902,7.376218996942043,1.0,1.0,1,4.687120299786329,1,1,24.684474281966686,15.889252781867981,8.577069640159607,6.722501486539841,8.019525200128555,1.0,1.999731957912445,1.0,5.4465460777282715,74.82958936691284,14.391915053129196,1.0,58.02030637860298,25.75418845191598,1.3602900505065918,4.01043176651001,1,1.0,3.3241552114486694,1,4.2591442465782166,1.0,2.30735781788826,17.368062004446983,1.0,11.79224169254303,1.0,4.302491247653961,1.3156326115131378,3.1990063190460205,1.0495369136333466,2.0539240539073944,1.0,11.122498512268066,16.59877359867096,26.847577169537544,24.741750717163086,16.28221906721592,3.3041852712631226,1.3039043545722961,1.9003845751285553,5.207967758178711,1.0,2.9963093250989914,1.1253026574850082,1.0,1.0,6.591802656650543,2.4811498820781708,1,2.1332167088985443,2.015855461359024,7.434301197528839,1.0,1.8806640803813934,1.0,1.0352064669132233,1.7716917395591736,2.8866907954216003,1.621055155992508,2.7309703826904297,5.05987823009491,7.558449238538742,1.0,1.729930192232132,6.795799732208252,17.897851824760437,1.5977147221565247,1,1,1.04733444750309,17.34148621559143,15.838949382305145,1.9767910242080688,1.0,11.562458395957947,1,137.2318547219038,1.0,32.998470723629,8.39864856004715,5.6375652551651,2.8389978408813477,2.9198071360588074,2.0575079321861267,2.8174152970314026,1.0,1.0,1.08743317425251,3.0160264670848846,2.0425820350646973,2.1719714999198914,1.653769463300705,1.877446174621582,1,1.0,1.0,1,1.0,1,1.0,1.0,1.2836277857422829,1.0,1,1,5.970340967178345,3.941996619105339,8.164880871772766,2.9938437044620514,2.293459326028824,3.5985341668128967,12.711764574050903,1.0,1,6.166133880615234,2.1477875113487244,10.149964833632112,1.0,43.531063199043274,1.1512880772352305,14.474932976067066,1.0,10.71165682375431,1.1298086552415043,1.0,25.510959643870592,1.0,1.5331723261624575,16.501935865730047,6.210097752511501,1.0,1.0,13.356121027842164,1.4186705648899078,9.549202278256416,5.657629489898682,11.48127081990242,1.0,1.0,12.689306735992432,21.220343037508428,20.940470283851027,6.959822177886963,14.72521217074245,4.169160649180412,12.30798413977027,32.091741025447845,20.682349029928446,4.85716424882412,4.1857075318694115,7.035957708954812,13.841799199581146,107.89661139249802,50.79638600349426,116.67697131633759,47.48706012964249,98.51784229278564,91.87032468616962,62.727569341659546,431.55854344367987,81.11614286899567,29.29452247917652,151.08187682926655,41.7046357691288,62.19454988837242
TEST_04+1일,5.841009616851807,1.0,7.530898571014404,4.405899316072463,1.0,1.0,1.0,1.0,2.4534644186496735,1.0,1.0,1.0,1.0,1.0,1.0,1.0,1.5143852680921555,1.0,1.0,1.0,1.0,1.0,1.0,1,5.076775699853896,1,1,12.67308612819761,11.304086744785309,1.0,2.836336523294449,2.919517256319523,1.0,1.1534742265939713,1.0,3.540240228176117,25.65006709098816,4.461671710014343,1.3070562481880188,18.555811047554016,7.71160745434463,1.0,2.6209006309509277,1,1.0,2.561163902282715,1,1.0,1.0,1.4551735073328018,9.572690099477768,1.0,6.799662917852402,1.4413326978683472,2.1305762976408005,1.0,1.1998389661312103,1.0,1.3035979866981506,1.0,6.899534225463867,11.242727279663086,5.888134829699993,10.992710649967194,8.018129356205463,1.071510687470436,1.42812117934227,1.3223204016685486,2.9858240485191345,1.0,1.657082810997963,1.0,1.0,1.0,1.0,2.0631100982427597,1,1.5669161081314087,1.931246668100357,2.8326415419578552,1.0,1.0617148131132126,1.0,1.0,1.1741725355386734,1.0,1.4022859185934067,1.828506588935852,3.2461798191070557,3.949920877814293,1.0,1.6348783671855927,3.8295599818229675,5.403986379504204,1.0,1,1,1.2952342629432678,22.731349289417267,9.093464970588684,1.476592868566513,1.0,2.2836317270994186,1,134.94324311614037,6.458651572465897,41.97633147239685,1.0,3.0210625380277634,1.0090497136116028,2.555588185787201,1.0,2.21218079328537,2.0210283994674683,1.2990757822990417,1.3154828548431396,2.2609714418649673,1.0,1.0,1.2131332606077194,1.0,1,1.0,1.0,1,1.0,1,1.0,1.0,1.0,1.0,1,1,1.0,2.31006883084774,1.0,1.1429926380515099,1.0,1.0,2.1230466663837433,1.0,1,1.7398782074451447,1.0,7.639444223605096,1.0,24.86235871911049,40.66311806440354,13.272269170731306,1.0,7.742978453636169,1.0,1.0,16.70658557675779,1.0,1.1447778716683388,9.002550889737904,4.902807578444481,1.0,1.0,10.760077759623528,1.4433291554450989,8.803972482681274,4.65206041932106,13.168719992041588,1.0,1.0,8.973848819732666,21.21997156366706,10.778577217832208,8.863341212272644,14.559312956407664,1.5278791822493076,6.200984371826053,28.91407662630081,16.937221452593803,3.729207366704941,1.099600838497281,5.671295687556268,9.5396688580513,20.706109553575516,18.881801962852478,10.794043317437172,11.915612146258354,5.562242791056633,19.981710920110345,12.56425254046917,120.17949745059015,29.262088984251022,40.41431099176407,8.496696455404162,2.423404175788164,20.79262325540185
TEST_04+2일,3.28781396150589,12.01302945613861,1.0,1.0,1.0,1.0,5.428391095250846,1.0,1.1043201386928558,1.0,1.0,1.0,1.0,1.0,1.0,1.0,7.555159181356429,1.0,1.0,37.272458616644144,8.544643074274063,1.0,1.0,1,3.910135310143232,1,1,1.0,11.237827599048615,1.0,2.6352345943450928,2.3453218191862106,1.0,1.0,1.0,1.7371375858783722,12.368244647979736,3.7792926281690598,1.0,7.748633623123169,5.197910703718662,1.0,1.7748764753341675,1,1.0,1.5387684106826782,1,1.0,1.0,1.3775768727064133,8.322544261813164,1.0,4.743970304727554,1.0,1.0894783213734627,1.0,1.0,1.0,1.0,1.0,2.5613467693328857,3.6907200068235397,1.8159554488956928,4.783489614725113,3.921607905998826,1.0393716394901276,1.0,1.0,1.0,1.0,1.7562434077262878,1.0,1.0,1.0,1.0,1.4003736898303032,1,1.0,1.0,1.0,1.0,1.0,1.0,1.0,1.0,1.0,1.0,1.0,1.2127846479415894,1.0,13.287808131426575,1.4360278844833374,1.2624740600585938,3.623401388525963,1.0,1,1,1.3846716284751892,10.379547536373138,3.387293189764023,1.104179173707962,1.0,3.579833999276161,1,1.0,53.69326338171959,28.591838240623474,1.0,1.697220839560032,1.0,2.0076312124729156,1.0,1.7208828032016754,1.0,1.0,1.0369327664375305,1.0,1.0283951461315155,1.0,1.0,1.0,1,1.0,1.0,1,1.0,1,1.0,1.0,1.726900264620781,1.0,1,1,1.0,1.0,1.0,1.0,1.0,1.0,1.0,1.0,1,1.0,1.0,6.829611819237471,1.0,28.443856537342068,102.83589601516725,11.096901403740048,1.0,5.175707146525383,1.0,1.0,14.744026442989707,1.0,1.0,7.062411614693701,4.015589863061905,1.0,1.0,7.696428187191486,1.090761125087738,7.587572142481804,3.9584242552518845,10.533496797084808,1.0,1.0,2.6658719778060913,15.16343133058399,7.983066102489828,6.655571535229683,13.105124593712388,2.218934395350516,4.19293369166553,13.550586953759192,12.215903904289007,2.6939485408365726,1.0,5.1678242459893236,6.703995019197464,18.914212323725224,12.568725943565369,1.0684127919375896,3.9050463400781155,1.0,10.555166127160192,10.412262231111526,42.940665828064084,11.160866171121597,36.38444095849991,8.510367351118475,2.518343674018979,12.718413937836885
TEST_04+3일,2.580972909927368,23.194005489349365,2.862269163131714,1.0,1.0,1.0,6.368946820497514,1.0,2.871096134185791,1.0,1.0,1.0,1.0,1.0,1.0,1.0,1.0,1.0,1.0,20.4557416588068,4.37566950917244,1.0,1.0,1,5.1242541521787635,1,1,24.91109169088304,9.830603688955307,1.0,1.6504677832126617,2.485526852309704,1.0,1.0,1.0,1.5514492988586426,7.31698352098465,2.517615929245949,1.063704639673233,6.794392876327038,3.9787694048136473,1.0,1.4786243438720703,1,1.0,1.0,1,1.0,1.0,1.0634360760450363,6.968434147536755,1.0,4.339490756392479,1.0,1.3353007659316063,1.0,1.0,1.0,1.3026252388954163,1.0,1.0,1.0,1.0,3.8921319246292114,2.9893561620265245,1.8547342717647552,1.0,1.0,1.5146149694919586,1.0,2.0239855349063873,1.0,1.0,1.0,1.5813829004764557,1.6919177025556564,1,1.0,1.0,1.3983283936977386,1.0,1.0,1.0,1.0,1.0,1.0,1.6143317520618439,1.075686365365982,1.2210606038570404,1.0,49.068513102829456,1.0,1.8595176935195923,3.3174118995666504,1.0,1,1,1.0,10.219398200511932,3.494253560900688,1.0546717047691345,1.0,1.7864803075790405,1,1.0,36.04947231709957,12.657505884766579,1.0,2.229985035955906,1.0,1.6099745035171509,1.0,1.2617072463035583,1.0,1.0,1.0,1.0,1.0,1.0,1.0,1.0,1,1.0,1.0,1,1.0,1,1.0,1.0,2.409433275461197,1.0,1,1,1.0,1.0,1.0,1.0,1.0,1.0,1.0,1.0,1,1.0,1.0,4.8983235992491245,1.0,113.3760631084442,123.36721807718278,7.706846380606294,1.0,4.938209921121597,1.0,1.0,11.996356895193458,1.0235821828246117,1.0,3.3547676452435553,1.0,1.0,1.0,4.119497120380402,1.0,5.213619455695152,2.9331270530819893,6.397328890860081,1.0,1.0,1.0,6.301587680354715,6.449411087669431,3.665637969970703,5.780333741568029,1.499509820714593,1.0060979099944234,9.793098390102385,4.9018678702414045,1.0,1.0,3.6430372297763824,2.457856498658657,11.800879705697298,4.645921289920807,1.0,1.0,1.0,1.0,1.213980820029974,1.0,3.3917106315493584,14.52561467885971,8.153114398010075,2.5856447964906693,4.8375066462904215
TEST_04+4일,2.6873308420181274,44.15129542350769,3.3825573921203613,1.0138264298439026,1.0,1.0,9.365877084434034,1.0,3.342626690864563,1.0,1.0,1.0,1.0,1.0,1.0,1.0,42.18575656414032,1.0,1.0,52.014935463666916,12.075436785817146,1.0,1.0,1,8.48093457520008,1,1,46.23585931956768,9.393009603023529,1.0,1.0909024626016617,2.893375776708126,1.0,1.0,1.0,1.115182787179947,7.584167778491974,1.5128805302083492,1.6016404330730438,9.82760414481163,1.4967242374550551,1.0,2.4895355701446533,1,1.0,1.0,1,1.0,1.0,1.0,7.991429656744003,1.0,4.261699676513672,1.0,1.0,1.0,1.0,1.0,1.0,1.0,1.0,2.025036334991455,1.0,4.340910732746124,3.131555736064911,2.0897898077964783,1.0,1.9539538025856018,1.313527673482895,1.0,2.219609320163727,1.0,1.0,1.0,1.024637758731842,1.5305074863135815,1,1.0,1.0,2.028994917869568,1.0,1.0,1.0,1.0,1.0,1.0,2.957853823900223,1.540975421667099,2.1446776390075684,1.069075807929039,53.611665219068534,1.0,1.3704565167427063,3.147596687078476,1.0,1,1,1.0,10.269432574510574,2.1518286019563675,1.1136777698993683,1.0,1.0,1,1.0,24.093978442251682,10.300245374441147,1.4186430871486664,1.8587574362754822,1.0,1.6234427690505981,1.0,1.090710535645485,1.0,1.0,1.0,1.0,1.0,1.0,1.0408084094524384,1.0,1,1.0,1.0,1,1.0,1,1.0,1.0747887939214706,1.5310701727867126,1.0,1,1,1.0,1.0,1.0,1.0,1.0,1.0,1.0,1.0,1,1.0,1.0,3.9211358847096562,1.0,107.83995687961578,153.39158460497856,7.40151958540082,1.0,3.4266750924289227,1.0,1.0,9.53136171028018,1.0,1.0,3.418481935746968,1.0,1.0,1.0,1.5489492285996675,1.0,5.206061229109764,2.8119815662503242,5.296067260205746,1.0,1.0,1.0,1.0,3.948427269933745,1.0,3.528213142417371,1.3773046061396599,2.48939068056643,10.11620470881462,1.7781188711524012,1.0,1.0,3.6153519526124,2.6287275552749634,8.896405920386314,1.98259636759758,1.0,1.0,1.0,1.0,1.0,6.107282638549806,7.577755339443684,2.0127645693719387,4.773492453387007,3.1673772912472486,3.8436740124598145
TEST_04+5일,2.2657886147499084,78.44514012336731,2.6312155723571777,1.0,1.0,1.0,20.322974145412445,1.0,2.035973221063614,1.0,1.0,1.0,1.0,1.0,1.0,1.0,76.62780582904816,1.0,1.0,82.42833517491817,23.425391167402267,1.0,1.0,1,10.776040926575659,1,1,68.72672785073519,8.28650826215744,1.0,1.0,3.6039249300956726,1.0,1.0,1.0,1.9940368831157684,11.42204886674881,2.1866345033049583,1.2699615955352783,11.561563797295094,2.796612737234682,1.2338576465845108,4.438531875610352,1,1.0,1.1657819151878357,1,1.0,1.0,1.5953849852085114,8.69697716832161,1.0,6.4124866127967834,1.0,1.0,1.0,1.0,1.0,1.0,1.0,1.0,1.0,1.6624106839299202,4.403302356600761,3.5247257743030787,3.01962673664093,1.0,1.5447689592838287,1.5696804225444794,1.0,2.667015641927719,1.0,1.0,1.0,1.2967112436890602,1.8640873953700066,1,1.0,1.0,1.6365847885608673,1.0,1.0272973775863647,1.0,1.0,1.0,1.514853872358799,1.7520949244499207,1.719214916229248,1.917300671339035,1.3955965526401997,70.65159626305103,1.0,1.1347254365682602,5.21309021115303,1.0,1,1,1.0,14.117334097623825,2.412555009126663,1.2992215156555176,1.0,2.417376235127449,1,1.0,30.89632280170918,10.154285594820976,2.3631256967782974,2.3609470576047897,1.259215772151947,1.3567623496055603,1.0,1.8143658339977264,1.4641782641410828,1.0,1.0,1.1243880540132523,1.0,1.5440811216831207,1.0,1.2844173610210419,1,1.252453327178955,1.0,1,1.132664442062378,1,1.0,1.0,5.447885692119598,1.0,1,1,1.0,1.0,1.0,1.0,1.0,1.0,1.0,1.0,1,1.0,1.0,5.327070938423276,1.0,156.8937063217163,145.80414682626724,9.251382058486342,1.0,3.7630493715405464,1.0,1.0,11.16868073027581,1.0,1.0,5.9038228848949075,1.0,1.0,1.0,3.638145562261343,1.0,5.42749198526144,3.477990724146366,5.885866433382034,1.0,1.0,1.0,4.130726671312005,9.065352377481759,1.8387363851070404,8.79889536416158,1.77725083893165,3.4360108990222216,8.346887215971947,1.3124411907047036,1.0,1.0,4.84109802171588,5.053317844867706,4.8935954459011555,1.0,1.0,1.0,1.0,5.815556505694985,1.0,1.0,1.6746547725051641,1.0,2.520564687438309,1.540599768050015,3.2037888653576374
TEST_04+6일,4.154291152954102,59.90126430988312,5.055204391479492,2.515275299549103,1.0,1.0,15.7841147556901,1.0,2.9570770263671875,1.0,1.0,1.0,1.0,1.0,1.0,1.0,65.48763513565063,1.0,1.0,43.269058018922806,17.86058023571968,1.0,1.0,1,8.251991271972656,1,1,108.22176240384579,9.271602094173431,1.0,1.1118521317839622,4.946201294660568,1.7409633100032806,1.721583753824234,1.0,3.1864047050476074,27.633851528167725,3.1566450744867325,1.0,26.659350469708443,4.722558373585343,1.2582534551620483,5.315592288970947,1,1.0,2.28861927986145,1,1.0,1.0,1.86417718231678,10.469574823975563,1.0,7.410314857959747,1.0,1.7030983418226242,1.2623326480388641,1.0,1.348329782485962,1.0,1.0,2.6924426555633545,1.0,2.5463110813871026,7.5982306227087975,5.59299867041409,3.75,1.1333394050598145,2.0304837822914124,3.3234280347824097,1.0,2.918788120150566,1.0,1.0,1.0,3.201580673456192,1.9435416907072067,1,1.4186319708824158,1.0,3.2659449577331543,1.0,1.1828573048114777,1.0,1.0,1.0,2.682027742266655,2.192871943116188,2.1070295572280884,2.307853102684021,2.175299771130085,54.683828987181194,1.477142572402954,2.3704172670841217,12.50292232632637,1.2347911298274994,1,1,1.0,23.357829809188843,10.074462890625,1.746036857366562,1.0,4.2456012815237045,1,9.355633053928614,33.69487442076206,14.705503672361374,4.797420680522919,4.780403152108192,2.03973188996315,2.208247631788254,1.0,2.6197564601898193,2.275478094816208,1.0,1.0,2.2598467022180557,1.0338649153709412,2.647237479686737,1.0,1.9800253212451935,1,1.0,1.0,1,1.0,1,1.0,1.0,4.872594773769379,1.001023769378662,1,1,3.6238211393356323,2.6072784140706062,5.184797048568726,1.9815026968717575,1.4230220019817352,2.732931077480316,7.968337535858154,1.0,1,4.526205658912659,1.8338580429553986,7.2442902801558375,1.0,174.5768666267395,72.66440719366075,12.693232528865337,1.0,6.431686162948608,1.0,1.0,19.02078916877508,1.0,1.5050007961690426,9.062346141785383,3.209229540079832,1.0,1.0,7.708842918276787,1.0,7.737856328487396,4.7404495626688,9.089956313371658,1.0,1.0,3.256760537624359,13.699552074540406,16.81994471885264,5.046720877289772,15.719876000657676,2.6812414918094873,8.142166882753372,14.997889414429663,8.219160556793215,2.6028909999877214,2.7104322239756584,6.007061578333379,9.097763299942017,2.0682919211685658,4.597030878067017,1.0,1.0,1.0,1.0,1.9432523101568222,1.0,1.0,1.0,1.3999559916555882,2.438801061362028,3.4768900461494923
TEST_04+7일,5.962995886802673,16.09098494052887,10.688041687011719,7.436569452285766,1.0,1.0077902674674988,1.0,1.0,4.00839775800705,1.0,1.0,1.0516968369483948,1.2983205914497375,1.0,1.0,1.0,34.518051892519,1.0,1.0,1.0,2.137253563851118,1.0,1.0,1,4.523249231278896,1,1,74.19922593981028,9.251720488071442,1.0,1.2307671308517456,5.158299922943115,1.4654497057199478,2.0693400502204895,1.0,5.3561729192733765,39.71150231361389,3.647158220410347,1.0,28.719209134578705,6.768087321892381,1.1336699873209,4.099883079528809,1,1.0,3.036542534828186,1,1.0,1.0,1.9634563624858856,11.576995581388474,1.029517650604248,6.831980675458908,1.0,4.632514715194702,1.3581998646259308,1.0,1.560891717672348,1.6493381559848785,1.0,6.962409973144531,6.044906169176102,5.9128025863319635,9.487855792045593,10.046844776719809,3.1213465332984924,1.9721786677837372,2.993500530719757,5.509378910064697,1.0,2.773280516266823,1.1114616990089417,1.0,1.0,3.1598652005195618,2.3891132324934006,1,1.5877268090844154,1.0,4.604470431804657,1.0,1.4381782710552216,1.0,1.0,1.659570038318634,2.5652486085891724,1.5285274386405945,1.8331079185009003,3.606802225112915,4.862189203500748,1.0,1.6126330196857452,6.416392922401428,13.067962914705276,1.2119592726230621,1,1,1.0,7.864661559462547,17.024147987365723,1.7888858914375305,1.0,6.614498645067215,1,136.08158938586712,11.692080162465574,32.36732804775238,4.441086113452911,5.439756065607071,1.9772398471832275,2.7421218156814575,1.0414601862430573,2.8232428431510925,1.6837920248508453,1.4782918989658356,1.1055656522512436,2.8741521388292313,1.3234777748584747,2.0467662066221237,1.5985758602619171,2.0204713940620422,1,1.0,1.0,1,1.0,1,1.0,1.0,1.0,1.0,1,1,5.859092473983765,3.9617859572172165,8.323363661766052,3.5273055732250214,2.118471711874008,3.8907310366630554,12.397458553314209,1.0465285181999207,1,6.52283251285553,2.1683135628700256,10.002729082480073,1.0,37.53017485141754,17.728471681475646,14.447010274976492,1.0,8.499564975500107,1.8617252027615905,1.0,24.782799378037453,1.0,2.318311035633087,15.50882070697844,5.834982879459858,1.0,1.0,11.729590175673366,1.2848404049873352,9.651816129684448,5.9121557623147964,10.954884111881256,1.0,1.0,8.358181715011597,25.728080346249044,25.494301987811923,7.858906090259552,15.520134838297961,4.685140522196889,9.861837662756443,28.346186861395836,16.3341744877398,3.4141208231449127,3.6662907153367996,7.900810182094575,13.551230132579803,1.0,9.32888925075531,1.0,1.0,1.0,9.517840845510364,4.136049523949623,33.65566008724272,10.338133703917265,1.0,1.0,2.2093909699469805,7.27775601670146
TEST_05+1일,4.042426943778992,1.2067647278308868,5.952071666717529,2.0046801269054413,1.0,1.1278072744607925,1.0,1.0,3.7030187249183655,1.0,1.0,1.0,1.0,1.0,1.0,1.0,1.0,1.0,1.0,2.822079927427694,1.0,1.835317276418209,1.0,1,1.0331560391932726,1,1,1.0,16.373640418052673,5.386652760207653,3.429859608411789,3.194150246679783,5.75274333357811,1.463911235332489,1.0,3.284377157688141,51.86668610572815,6.948829144239426,2.611040472984314,22.48646728694439,21.209471337497234,1.0,2.288693428039551,1,1.0,1.670411080121994,1,4.14280092716217,1.1076022684574127,3.479104995727539,29.661742508411407,2.1013563871383667,7.937948107719421,1.7514654994010925,1.4706377685070038,1.0,1.0,2.2447864711284637,1.0,1.0,31.459074020385742,7.77918004989624,6.014503788203001,13.927882477641106,3.5861436054110527,2.3573312163352966,1.0,1.0,1.7675146460533142,1.0,1.3383060693740845,4.248303383588791,1.0,1.0,2.8549523651599884,2.078744024038315,1,1.8459266424179077,2.5132739543914795,5.340249300003052,1.492268145084381,1.0,1.4458540081977844,1.0,3.0449339747428894,1.5172123163938522,2.197486460208893,1.0,3.062276244163513,4.726603373885155,1.0,1.9786220788955688,6.401613354682922,5.929569527506828,1.0,1,1,1.780807077884674,7.220549762248993,7.012448966503143,1.2976214289665222,1.0905058681964874,1.0,1,101.88852064311504,1.0,47.81892418861389,6.623258829116821,5.4320961236953735,3.596223294734955,8.39455783367157,2.755562961101532,1.493104100227356,1.0,1.0,2.394435554742813,2.8408829122781754,1.0,1.0,2.7935299277305603,3.4301862120628357,1,1.0,1.0,1,1.0,1,1.0,1.0,1.0,1.0,1,1,4.660538136959076,6.305779963731766,5.1918721199035645,4.582478106021881,1.6161851584911346,4.00847464799881,10.269509553909302,1.5904602408409119,1,5.425661206245422,2.5987213850021362,56.88746766000986,29.75050527602434,1.0,7.42131508886815,86.36895568668842,27.295053005218506,57.316100120544434,49.3641609326005,2.4809417128562927,137.39794651418924,39.41210448741913,55.58875769376755,87.80124602466822,33.49502083659172,1.212979033589363,40.44032692909241,77.47029314935207,8.34165096282959,40.252977311611176,29.212546050548553,66.55337369441986,22.663432359695435,13.040039539337158,1.0,344.02230474352837,310.22383734583855,64.19235289096832,167.5031627714634,36.636934876441956,89.80048328638077,102.0559076666832,193.39207512140277,47.150601893663406,13.11928242444992,80.8145886659622,69.95280265808105,2.7343819104135036,1.0,1.0,1.0,2.838000003248453,1.0,1.0,4.587046557571739,1.0,1.0,1.0,1.0,1.0
TEST_05+2일,3.5820603370666504,1.0,5.097226142883301,1.6179959625005722,1.0,1.0,2.56551043689251,1.0,3.281485438346863,1.0,1.0,1.0,1.0,1.0,1.0,1.0,8.266367018222809,1.0,1.0,9.410744444467127,4.331231750547886,1.0,1.0,1,1.0,1,1,5.621647308580577,13.784531950950623,5.7501301020383835,3.5178355276584625,1.7541152089834213,3.1617238372564316,1.0,1.0,1.0,33.604498982429504,5.754190236330032,1.0,14.97409287840128,20.113384030759335,1.0,2.3000986576080322,1,1.0,1.0,1,3.054172933101654,1.0238977521657944,3.0281544029712677,20.218308061361313,1.3419516384601593,7.455055087804794,1.9510482251644135,1.1205072328448296,1.0,1.0,1.945217251777649,1.6139915585517883,1.045006662607193,27.467823028564453,7.80317696928978,5.194614082574844,9.076432287693024,3.4708298463374376,1.7730656266212463,1.0,1.0,1.625305712223053,1.0,1.0967113450169563,3.407473146915436,1.0,1.0,1.0555634275078773,1.7058342695236206,1,1.257137730717659,1.5078896284103394,4.8716161251068115,1.0,1.0,1.2836746871471405,1.0,2.7092021703720093,2.448083683848381,1.3665130734443665,1.0,1.8352143466472626,3.5571714341640472,1.0,1.8475672602653503,2.933218479156494,3.1787258684635162,1.0,1,1,1.0,5.141277551651001,4.665973573923111,1.186695247888565,1.0,1.0,1,1.0,68.46117116510868,47.7232745885849,5.615767657756805,3.1108181923627853,2.307302951812744,6.745245456695557,1.0,1.3498903810977936,1.0,1.0,1.962272971868515,1.2826307862997055,1.0,1.0,1.2200945615768433,2.2552938759326935,1,1.0,1.0,1,1.0,1,1.0,1.0,2.2288698703050613,1.0,1,1,3.473939001560211,4.086493104696274,3.035418391227722,1.7685674875974655,1.0,2.391769289970398,8.022242188453674,2.13225394487381,1,5.454917550086975,2.267434000968933,55.40238502621651,30.102799013257027,1.1901643127202988,5.9079184383154,86.4991405904293,23.655696213245392,58.101057171821594,57.54981346428394,2.3706969618797302,143.34861566871405,38.28525125980377,54.545316994190216,82.03512509912252,35.64909988641739,1.2264275550842285,31.804672479629517,68.89062761515379,8.0357825756073,38.92828184366226,25.669395327568054,67.56660735607147,21.471620947122574,11.863555908203125,1.0,360.87443620711565,317.1712417304516,61.85809135437012,164.35065243393183,33.92875626683235,81.04116171598434,72.44829580187798,191.98490288853648,43.56831222772598,8.504432514309883,72.03678429126738,69.05109643936157,1.6503175254911184,1.0,1.0,1.0,4.471096126362681,1.0,1.0,3.475882485508919,1.0,1.0,1.0,1.0,1.0
TEST_05+3일,3.8393187522888184,1.0,4.781305313110352,1.4771981686353683,1.0,1.0,4.0634553283453,1.0,1.0,1.0,1.0,1.0,1.0,1.0,1.0,1.0,3.1276739202439785,1.0,1.0,6.727901827543974,1.0,1.0,1.0,1,1.0,1,1,61.583461984992034,9.885409265756607,4.538527920842171,2.6789824068546295,1.3749802708625793,1.226356253027916,1.0,1.0,1.7273715138435364,23.910852432250977,4.480758011341095,1.0,15.522644110023975,18.571339823305607,1.0,2.0062637329101562,1,1.0,1.0,1,2.361928805708885,1.0,2.351861611008644,15.823036700487137,1.0,7.295981228351593,1.581522524356842,1.4000257104635239,1.0,1.0,1.60239577293396,1.9202187657356262,1.0,14.656167030334473,6.615744709968567,5.4146729707717896,9.458514466881752,3.502607837319374,1.5162722766399384,1.0,1.0,1.7415030300617218,1.0,1.1655086651444435,2.964022219181061,1.0,1.0,1.1251203045248985,2.0052289590239525,1,1.0,1.0,4.080008566379547,1.0,1.0782334208488464,1.144157499074936,1.0,2.088308483362198,1.696886345744133,2.6237715035676956,1.0,1.0,3.1396596506237984,7.7456335723400125,1.3429121673107147,1.0080090165138245,1.3739555329084396,1.0,1,1,1.0,5.07974436879158,2.599863722920418,1.0,1.0,1.0,1,1.0,107.72135972976685,42.534222185611725,4.90867680311203,1.65871512144804,1.315895915031433,3.2515639066696167,1.053970828652382,1.0418156534433365,1.0,1.0,1.1543624848127365,1.0,1.0,1.0,1.0,1.2533478438854218,1,1.0,1.0,1,1.0,1,1.0,1.0,2.5759629160165787,1.0,1,1,3.705449402332306,4.788385108113289,2.860196828842163,1.6435322910547256,1.0,1.6627636551856995,7.432441711425781,1.9425031542778015,1,4.471657574176788,2.42059588432312,53.01431046426296,28.63995261490345,10.798417031764984,2.283810824155816,85.89236414432526,23.49589169025421,52.359171867370605,50.4464977607131,2.27409228682518,147.1365800127387,38.15844178199768,53.353978991508484,70.57002875208855,34.2325122654438,1.18306003510952,25.98474383354187,63.56808194518089,7.603074908256531,37.4359130859375,21.52933830022812,61.36381787061691,18.950974009931087,12.625542879104614,1.0,338.40856970846653,292.8344457373023,57.421849966049194,153.3452294766903,32.017786391079426,67.94997118413448,66.80708241462708,162.98931171000004,34.62399646639824,8.482286185026169,66.75007152557373,65.97436964511871,2.2971886210143566,1.0,1.0,1.0,3.9913460798561573,1.0,1.0,2.907197648892179,1.0,1.0,1.0,1.0,1.0
TEST_05+4일,3.8565298914909363,1.0,4.193490028381348,1.5957679152488708,1.0,1.0,4.994695995002986,1.0,1.0,1.0,1.0,1.0,1.0,1.0,1.0,1.0,4.065657779574394,1.0,1.0,11.851119371131063,2.675031367689371,1.0,1.0,1,2.8425622824579473,1,1,10.373852318152785,8.052344977855682,4.056936018168926,1.980815976858139,1.0,1.3806673139333725,1.0,1.0,1.468190848827362,19.923887968063354,3.646933436393738,1.0,17.89425630122423,17.55097556859255,1.2391959875822067,2.636551856994629,1,1.0,1.0,1,2.2401293218135834,1.0,2.1479565799236298,15.283840507268906,1.0,6.6494300365448,1.0,1.0,1.0,1.0,1.3714995980262756,1.8507736921310425,1.0,9.126638412475586,6.446468263864517,5.010393228381872,9.887915760278702,3.0494647454470396,1.8639561533927917,1.0,1.0,1.5881156921386719,1.0,1.3705207407474518,3.3276709020137787,1.0,1.0,1.6286460012197495,1.495620235800743,1,1.0,1.0,3.640319436788559,1.0,1.0,1.3266664743423462,1.0,2.3411425948143005,1.1737316474318504,2.518773078918457,1.0,1.1037024110555649,3.601667158305645,5.052890013903379,1.15008644759655,1.1421959847211838,1.3313027769327164,1.0,1,1,1.0,4.231667384505272,2.161690413951874,1.0,1.0,1.0,1,1.0,87.88368716835976,35.41160291433334,4.3723509311676025,1.0,1.0,3.144843578338623,1.056646928191185,1.0,1.0,1.0,1.0,1.0,1.0,1.0,1.0,1.0204146802425385,1,1.0,1.0,1,1.0,1,1.0,1.0,4.0992531180381775,1.0,1,1,4.470688104629517,3.446917124092579,1.9236302375793457,2.032688856124878,1.0,1.632898896932602,6.784645318984985,1.0,1,4.1496604681015015,1.7698010802268982,50.3222316429019,28.020847477018833,8.923157304525375,9.92148682475091,86.88551557064056,24.587494134902954,50.63529145717621,50.71234077215195,2.322109639644623,139.64932780712843,37.30469226837158,49.20276403427124,63.22156900167465,31.84628421068191,1.082862913608551,27.148205637931824,61.19857095927,8.524673581123352,39.44647979736328,20.2043839097023,66.12388753890991,19.958592541515827,12.559263706207275,1.0,345.81512129306793,284.81756713986397,55.72094738483429,153.4359247982502,28.138658814132214,70.65506346523762,70.94957011938095,140.10009175539017,33.51809337735176,7.898237183690071,60.73427867889404,65.34660995006561,1.0,1.0,1.0,1.0,2.6573309442028403,1.0,1.0,4.354035551659763,1.0,1.0,1.0,1.0,1.0
TEST_05+5일,4.484660029411316,1.0,4.4748735427856445,2.0585353076457977,1.0,1.0,8.03790158033371,1.0,1.299632489681244,1.0,1.0,1.0,1.0,1.0,1.0,1.0,10.47547459602356,1.0,1.0,17.702478226274252,6.13919023424387,1.0,1.0,1,5.940102003514766,1,1,28.497870638966564,7.210933327674866,4.602379024028778,2.082263819873333,1.8970627337694168,1.69435266405344,1.0,1.0,1.4640788733959198,20.464096546173096,4.632128402590752,1.0,19.38630323857069,20.63644314184785,1.6613049805164337,3.6649370193481445,1,1.0,1.1259275674819946,1,2.976293385028839,1.0,2.2196349799633026,11.222474873065948,1.0,7.202817142009735,1.0,1.3631713762879372,1.0,1.0,1.4373098313808441,2.098618447780609,1.5869627892971039,8.898481369018555,6.720650106668472,5.4283751193434,9.861965924501419,3.202617896720767,2.5187617540359497,1.0,1.0,1.4344808459281921,1.0,1.793738566339016,4.577089786529541,1.0,1.0837578028440475,1.2016059383749962,1.74037404358387,1,1.0755358636379242,1.0,3.6248562335968018,1.257060319185257,1.181296706199646,1.0,1.0,3.250017762184143,1.437886543571949,2.9626187682151794,1.0,1.3825057446956635,4.224379345774651,14.763894975185396,1.3309897482395172,1.0,1.716552346944809,1.0,1,1,1.0,7.056872695684433,1.7732955515384674,1.414736807346344,1.0,1.0,1,1.0,84.87620994448662,28.473544597625732,5.049359858036041,1.0,1.0,3.603251576423645,1.140487790107727,1.0,1.0,1.0,1.0,1.0,1.0,1.4884626120328903,1.281733214855194,1.7503949999809265,1,1.0,1.0,1,1.0,1,1.0,1.0931134968996048,5.486178696155548,1.0,1,1,4.664722681045532,2.307766228914261,3.8798123598098755,2.3727884888648987,1.0,2.772359549999237,7.75901734828949,1.0,1,4.110539555549622,1.5969817340373993,46.08746250718832,25.693896263837814,23.857538402080536,18.32410894334317,88.11137096583843,27.524015307426453,51.966723918914795,46.00459512323141,2.2184140980243683,133.0002635717392,38.10332119464874,52.21562445163727,67.38063871860504,33.23365241289139,1.160099133849144,30.142654180526733,63.222078114748,9.49682354927063,38.58156991004944,22.41814750432968,62.97270768880844,20.01410610973835,12.81853437423706,1.0,364.84278232604265,291.6260413825512,63.04759204387665,163.3917462080717,27.13344667106867,78.88542249798775,81.25154906511307,154.0799736827612,35.40625423192978,10.115285441279411,61.503742933273315,66.21969401836395,1.0,1.0,1.0,1.0,4.139963332563639,1.0,1.0,11.130902753211558,1.0,1.0,1.0,1.0,1.0
TEST_05+6일,5.986340641975403,1.0,4.347247123718262,2.4672980308532715,1.0,1.0,4.634580872952939,1.0,1.0,1.0,1.0,1.0,1.0,1.0,1.0,1.0,8.385980129241943,1.0,1.0,12.639675699174404,3.197442963719368,1.1700353398919106,1.0,1,4.497440401464701,1,1,112.31732279062271,9.991029292345047,5.801005013287067,2.385418012738228,3.373381420969963,1.9096507877111435,1.0,1.0,3.3408305048942566,30.11780309677124,5.99214680492878,1.4881494641304016,30.87325543165207,25.54522257298231,1.793215572834015,4.36305046081543,1,1.0,1.9129493832588196,1,3.7018339335918427,1.0,3.086371958255768,14.79246772825718,1.1544546484947205,8.048077166080475,1.1460470408201218,2.129119634628296,1.0,1.0,1.3317625224590302,2.7423307299613953,2.3191526532173157,11.981094360351562,6.835815668106079,6.460029501467943,15.247761890292168,3.766945207491517,3.2575327157974243,1.290932297706604,1.0,2.0615459978580475,1.0,2.104186490178108,6.2507670521736145,1.0,1.8432854115962982,1.990860939025879,1.7136147245764732,1,1.2523015961050987,1.0,3.9305633902549744,1.4685454964637756,2.149263769388199,1.2551811337471008,1.0,4.648028314113617,1.2504004687070847,3.3346784859895706,1.0,1.1579515784978867,4.479431554675102,22.13590077124536,1.794869303703308,2.0641230046749115,4.779161363840103,1.0,1,1,1.1336258053779602,11.758383750915527,3.5633488297462463,1.8335351347923279,1.0,2.2576525881886482,1,18.321549519896507,66.58377714455128,28.346879482269287,6.970075309276581,2.6131507009267807,2.298157215118408,5.1962292194366455,1.4949506521224976,1.0662596672773361,1.1768487840890884,1.1650625616312027,1.0,1.620192602276802,1.4833690226078033,2.0945464074611664,1.0,2.3022951185703278,1,1.0,1.0,1,1.0,1,1.0,1.0663089901208878,2.915107011795044,1.0,1,1,5.654269456863403,5.29217042028904,7.557600736618042,2.808888405561447,1.0,2.9578804969787598,10.900996923446655,1.0,1,4.484573006629944,1.4298467338085175,49.55978439748287,27.126696333289146,35.57039201259613,18.619975596666343,94.57093814015388,28.824684023857117,54.18905657529831,53.08766417205334,2.472308874130249,143.48463086038828,38.18402647972107,52.92089283466339,71.99037912487984,35.51332700252533,1.076107770204544,36.85565114021301,77.85450740158558,10.260179042816162,44.404270231723785,25.7130224108696,69.8952476978302,23.37105117738247,13.736389875411987,1.0,328.96625209599733,302.6010552570224,63.32729637622833,169.18787233531475,32.680311128497124,95.27906775474548,108.85127019882202,164.80997332930565,40.41328489780426,14.858454912900925,61.81593185663223,72.86925792694092,2.9231316223740578,1.4390721917152405,1.0,1.0,7.808726225048304,1.0,1.0,20.10790309868753,3.3797401282936335,1.578491646796465,1.3503244146704674,1.0,1.0
TEST_05+7일,6.791464686393738,1.0,5.619057655334473,1.88276606798172,1.0,1.379837542772293,1.0,1.0,1.4950206875801086,1.0,1.0,1.0,1.0,1.0,1.0,1.0,2.5881816633045673,1.0,1.0,6.528188269585371,1.0,2.0686174929142,1.0,1,1.0,1,1,46.74535397440195,14.10361933708191,6.863623693585396,3.048450767993927,3.122459828853607,3.47688227891922,1.0,1.0,5.853943228721619,47.566107511520386,6.713459938764572,2.424679696559906,27.990397810935974,28.766884855926037,1.584227979183197,3.3528246879577637,1,1.0,2.1462875604629517,1,4.264001309871674,1.0,3.6130053400993347,26.586310267448425,2.013884335756302,7.905382215976715,1.5968598425388336,2.113521248102188,1.418776959180832,1.0,1.519160121679306,2.858614921569824,1.2582170963287354,17.54481315612793,7.2854955196380615,8.835890181362629,15.531708523631096,5.305273052304983,3.301440179347992,1.4825952053070068,1.0,3.033936023712158,1.0,2.264690324664116,6.223966002464294,1.0,1.698014736175537,3.456177532672882,1.960071176290512,1,1.8253107368946075,1.0,3.844118744134903,1.6174489259719849,1.9755876064300537,1.9160784780979156,1.0,4.442283511161804,2.5089944154024124,3.3297311514616013,1.0810955613851547,2.0386868715286255,6.153896391391754,10.784219610504806,1.9928361475467682,5.082399845123291,8.777099847793579,1.3765473663806915,1,1,1.7479851841926575,9.303586721420288,6.303773492574692,1.771915853023529,1.0,3.2486395239830017,1,109.89922285079956,1.0,31.889339089393616,6.6593963503837585,4.970403760671616,3.2609713077545166,7.6733750104904175,3.2788780331611633,1.1853653192520142,1.0848741233348846,1.276279091835022,1.0887107998132706,2.659529149532318,2.204882502555847,1.8577276915311813,1.0980217903852463,3.272937536239624,1,1.0,1.0,1,1.0,1,1.0,1.0,1.0,1.0,1,1,6.081593036651611,7.466903626918793,6.978458762168884,4.919762760400772,2.3592087626457214,5.255095958709717,10.66486120223999,1.4403444528579712,1,5.378828644752502,2.2933056950569153,53.4889974296093,25.001737140119076,21.215401589870453,19.440640136599548,85.36374920606613,28.43000888824463,54.96223121881485,52.5589195266366,2.4628853797912598,144.6341083496809,38.452123403549194,56.128139197826385,86.81036507338285,37.42967614531517,1.1099492013454437,39.782187938690186,87.08973027765751,9.259701371192932,47.24932622909546,30.398319125175476,65.58370923995972,23.74998226761818,13.473161458969116,1.0,362.5246514901519,297.7460337728262,67.29189813137054,192.11297817528248,35.9659568220377,95.42856201529503,116.75626188516617,185.03215251863006,46.51202857494354,16.530356258153915,68.23830246925354,70.58236479759216,2.1815508790314198,3.9509600400924683,1.0,1.0,10.24894192814827,1.0,1.0,20.500363362953067,6.057535205036402,1.0799956507980824,4.681566986255348,1.0,1.5050264541059732
TEST_06+1일,6.24644935131073,1.0,5.540182113647461,2.5146606266498566,1.0,1.0,1.0,1.0,1.0,1.0,1.0,1.0,1.0,1.0,1.0,1.0,1.0,1.0,1.0,2.7935393585357815,1.0880286805331707,1.0,1.0,1,1.1890561413019896,1,1,9.197491211816669,12.519790470600128,5.95337451249361,3.0311885476112366,4.809981554746628,4.017193168401718,1.0,1.0,2.8031590580940247,38.523019313812256,7.622257024049759,1.7736592888832092,25.028033927083015,20.084299113601446,2.7552077174186707,3.7133140563964844,1,1.0,2.083834260702133,1,4.375596076250076,1.0,4.159750819206238,32.48095190525055,1.3495367765426636,14.458680152893066,1.3456177711486816,3.3601290732622147,1.3534276187419891,1.1449068784713745,1.5648731589317322,1.0,1.1490309238433838,8.921445846557617,6.193166613578796,6.851825874298811,21.28747534751892,5.925425156950951,2.1954867243766785,1.0,1.0,3.5719892382621765,1.0027557611465454,1.5988542884588242,4.565383464097977,1.6393440961837769,1.0,4.304023236036301,1.3760387897491455,1,1.0,1.132630854845047,3.795130133628845,2.0044833421707153,2.0416228473186493,1.0,1.0,1.3270999491214752,2.7727527916431427,3.394189104437828,2.829972505569458,3.0773934721946716,4.896608218550682,1.0,1.905396431684494,2.7829325199127197,8.863511770963669,1.5736156702041626,1,1,1.0,6.63555720448494,5.2691810131073,1.218005195260048,1.0,1.6875070184469223,1,71.32909912616014,31.093828007578853,37.3765264749527,5.363585889339447,2.562582492828369,1.0,5.119463205337524,1.0,2.1843139827251434,1.0,1.0,1.0,6.210549026727676,1.5268290042877197,1.7501373589038849,1.0,1.0,1,1.0,1.0,1,1.0,1,1.0,1.0,1.0,1.0,1,1,3.276199996471405,3.6031339317560196,4.918078780174255,2.877391129732132,1.0,2.484627068042755,9.845424890518188,2.192436307668686,1,3.3857184648513794,3.313739597797394,61.887485422194004,15.897945798933506,3.842474520206451,20.0185813009739,65.4454320371151,26.57427191734314,43.834929406642914,38.083299323916435,2.5430354475975037,129.113030731678,41.2984836101532,55.65894931554794,81.02178279310465,24.572835862636566,1.0983376950025558,59.70473885536194,57.94280381500721,5.157376527786255,41.8674430847168,16.790551245212555,60.38420557975769,23.212423771619797,12.422642707824707,1.0,313.14580124616623,265.75697603076696,41.386486291885376,149.26837846636772,21.947821900248528,86.48662313818932,60.42222362756729,139.41872237622738,39.616307616233826,9.982470497488976,60.255281299352646,61.15524649620056,5.606856644153595,1.0,3.3391032740473747,1.0,6.2982456758618355,1.0,2.1103281900286674,16.568190744146705,1.0,1.3864110223948956,3.3363106194883585,1.0,3.0805013235658407
TEST_06+2일,5.081024169921875,1.0,4.750816822052002,2.030998945236206,1.0,1.0,1.0,1.0,1.0,1.0,1.0,1.0,1.0,1.0,1.0,1.0,6.8060338497161865,1.0,1.0,9.41251858137548,3.3239219710230827,1.0,1.0,1,5.779627338051795,1,1,11.178559488616884,9.98033693432808,4.899965509772301,2.974271148443222,1.4449570588767529,1.7031827196478844,1.0,1.0,1.1555249989032745,17.26990556716919,6.029043197631836,3.7029150128364563,8.770346082746983,13.893392786383629,1.7887192964553833,3.5012495517730713,1,1.0,1.0,1,3.8201179802417755,1.0,3.36294361948967,24.05641457438469,1.0,13.639505743980408,1.0683047771453857,1.1902575194835663,1.0,1.0,1.2523096799850464,1.0,1.0,5.811997890472412,7.532036125659943,5.987109214067459,13.877034097909927,6.13160864263773,1.5203192830085754,1.0,1.0,1.4312851428985596,1.0,1.2054885551333427,2.8362227082252502,1.0,1.0,1.7694326490163803,1.0,1,1.0,1.0,2.045625180006027,1.1673284322023392,1.0,1.0,1.0,1.0,1.0,2.894762232899666,1.0,1.8376259505748749,1.0,13.901725038886072,1.480448991060257,1.2692543864250183,6.231872856616974,1.0,1,1,1.0,4.227272719144821,3.7388155460357666,1.0,1.0,2.245763808488846,1,1.0,90.84419041872025,34.26521980762482,3.529372125864029,1.1740105226635933,1.0,3.136436939239502,1.0,1.4404244720935822,1.0,1.0,1.0,4.980718642473221,2.085258811712265,1.0,1.0,1.0,1,1.0,1.0,1,1.0,1,1.0,1.0,1.0,1.0,1,1,1.1066623032093048,2.3964951559901237,3.0318376421928406,1.4925377815961838,1.0,1.504230946302414,7.793850898742676,1.8957287073135376,1,2.0857959985733032,1.0753005743026733,59.28906140476465,16.06457233428955,3.9450896903872485,21.747749373316772,55.15517097711563,23.594096302986145,42.20022225379944,29.624760411679745,2.4523796141147614,127.4936546459794,39.350804686546326,55.26023417711258,62.3753227815032,18.70306585729122,1.07576884329319,55.19392132759094,49.28123343735933,4.218231737613678,37.32938355207443,13.129238218069077,58.456046521663666,22.124615013599396,11.741477251052856,1.0,294.13950135558844,227.4256040230393,34.1344553232193,132.59328361600637,14.012835938483477,77.9702365398407,28.236914202570915,100.64032755792142,34.60280478000641,3.9968136325478554,54.91059619188309,53.891140818595886,4.66911151073873,1.0,1.0,1.0,6.076257079839706,1.0,3.392096161842346,12.834204453974964,1.0,1.1846354464069009,4.592613305430859,1.0,2.135297341737896
TEST_06+3일,3.396768569946289,1.0,4.092599391937256,1.845831274986267,1.0,1.0,2.6819240339100365,1.0,1.0,1.0,1.0,1.0,1.0,1.0,1.0,1.0,2.24851593375206,1.0,1.0,4.904120308347046,1.2870217859745026,1.0,1.0,1,2.174385404214263,1,1,116.45944252610208,6.374183088541031,2.214594930410385,2.203072890639305,1.5950611531734467,1.4409611374139786,1.0,1.0,1.0,13.58366733789444,4.268586412072182,3.350495994091034,7.856675982475281,8.189081752672791,1.0,2.682405948638916,1,1.0,1.0,1,3.0227718353271484,1.0,2.4604493975639343,20.773083209991455,1.0,10.278373956680298,1.0,1.27091646194458,1.0,1.0,1.0660835355520248,1.0,1.0,2.8063697814941406,6.23618558049202,7.137513119727373,7.273910090327263,6.9478588700294495,1.235172301530838,1.0,1.0,1.8157508969306946,1.0,1.0,1.8427500128746033,1.0,1.0,2.463661104440689,1.2235265225172043,1,1.0,1.0,1.714554324746132,1.0,1.0,1.0,1.0,1.0,1.5372403711080551,2.7436526119709015,1.357620358467102,1.2254026532173157,2.9674470350146294,41.634561605751514,1.0,1.0,5.167117416858673,1.0,1,1,1.0,4.489433661103249,2.8385358452796936,1.0,1.0,1.0,1,2.9072371835354716,58.3043747395277,25.39556586742401,2.768986016511917,1.0,1.0,3.531598746776581,1.0,1.0,1.0,1.0,1.0,2.6991838216781616,2.7521181106567383,1.0,1.0,1.0,1,1.0,1.0,1,1.0,1,1.0,1.0,1.0,1.0,1,1,1.3461355865001678,2.2542767599225044,2.2049033641815186,1.469011902809143,1.0,1.297917515039444,6.949262022972107,1.0,1,1.518477350473404,1.2996509671211243,52.44904416799545,14.83880314975977,8.394496142864227,24.844731390476234,38.76853823661804,23.860786855220795,39.801809191703796,22.689761482179165,2.2327928245067596,128.94422729313374,39.895914793014526,53.085403740406036,41.67459999397397,9.305387794971466,1.0244877636432648,44.899585247039795,31.721431974321604,2.527925670146942,31.366598308086395,9.080494850873947,51.54164528846741,19.31211031973362,12.207375764846802,1.0,224.40549339354038,158.61114186793563,27.312728762626648,118.34066666662692,7.726100273430347,52.05169767141342,19.84529197216034,56.34035541117192,28.434381932020187,4.856250733137131,50.064069211483,47.150006890296936,3.592969197779894,1.0,1.0,1.0,4.264747751876712,1.0,2.179819829761982,10.251311073079705,1.0,1.0,3.508099797181785,1.0,1.2275227345526218
TEST_06+4일,2.7538740634918213,1.0,2.908477544784546,1.8048445582389832,1.0,1.0,2.8908723331987862,1.0,1.0,1.0,1.0,1.0,1.0,1.0,1.0,1.0,4.354671388864517,1.0,1.0,12.263969425112009,2.7544959634542465,1.0,1.0,1,6.652554161846637,1,1,42.02361602336168,4.940217822790146,1.1542721930891275,1.6988060027360916,2.3246812149882317,1.3056397810578346,1.0,1.0,1.0,12.52362871170044,3.487435355782509,2.1334709227085114,15.182775631546974,6.696904604323208,1.0,2.6331918239593506,1,1.0,1.0,1,2.667596787214279,1.0,2.140784740447998,18.37206293642521,1.0,8.124717712402344,1.0,1.0,1.0,1.0,1.0,1.0,1.0,3.1453781127929688,5.667565673589706,6.9094833098351955,7.312493398785591,5.919070981442928,1.5461182594299316,1.0,1.0,2.0126278698444366,1.0,1.2441308051347733,1.9167436808347702,1.0,1.0,3.12225541472435,1.0,1,1.0,1.0,2.009356200695038,1.5856367349624634,1.0,1.2527057528495789,1.0,1.0,1.1743595078587532,2.1290604025125504,1.3281989097595215,1.5412637591362,2.651256337761879,33.20395018905401,1.0,1.0,6.077356696128845,1.0,1,1,1.0,4.175116494297981,2.7555942982435226,1.0,1.0,1.0,1,1.0,55.67009136080742,22.031096398830414,2.257053479552269,1.0,1.0,3.0052706599235535,1.0,1.0,1.0,1.0,1.0,1.4074154198169708,2.9675886034965515,1.2250414118170738,1.0,1.0,1,1.0,1.0,1,1.0163203477859497,1,1.0,1.0,1.8703416734933853,1.0,1,1,1.7940090596675873,2.451090030372143,1.890941858291626,1.6611989960074425,1.0,1.1061646044254303,5.965036749839783,1.0,1,1.7278406023979187,1.0,45.05984338372946,12.320474870502949,6.761309131979942,40.8786053955555,32.819075763225555,25.849303603172302,40.01512920856476,19.324765037745237,2.270531505346298,121.96610570698977,38.23687732219696,50.26691794395447,36.50928972288966,2.9188054874539375,1.0,40.20798683166504,25.721899580210447,1.8112999200820923,30.039698123931885,8.315093696117401,52.61043268442154,20.554874427616596,12.055567502975464,1.0,209.95298239588737,146.17413687333465,22.16579020023346,105.90506516396998,11.347227562218904,29.059588089585304,8.7893847823143,28.86579724401236,18.108512610197067,4.805909022688866,36.74086332321167,28.719864189624786,1.0,1.0,1.0,1.0,3.1364033557474613,1.0,1.6796131618320942,7.743159262463451,1.0,1.1411833111196756,3.089596825884655,1.0,1.0
TEST_06+5일,2.5293460488319397,1.0,2.913274049758911,2.1267004013061523,1.0,1.0,3.6520276814699177,1.0,1.0,1.0,1.0,1.0,1.0,1.0,1.0,1.0,8.406181633472443,1.0,1.0,16.571937408298254,4.268417693674564,1.0,1.0,1,20.81796124577522,1,1,20.617055045440793,5.72470360994339,1.2526171188801527,1.728023774921894,2.677638866007328,1.4084606990218163,1.0,1.0,1.0,14.54906952381134,4.667421579360962,1.4154189825057983,16.98399055749178,10.732248133048415,1.0,3.181755781173706,1,1.0,1.5092520415782928,1,2.7068265229463577,1.0,2.854751080274582,15.13242657482624,1.0,7.9415967762470245,1.0,1.0,1.0,1.0,1.0,1.0,1.0,2.9488930702209473,6.008760899305344,7.010313330218196,4.111565880477428,6.098941097036004,2.0193088054656982,1.0,1.0,1.7340251803398132,1.026531159877777,1.766977608203888,2.808771252632141,1.0,1.0,2.5568841993808746,1.0,1,1.2849768251180649,1.0,1.8580240607261658,2.2321873903274536,1.0,1.928354799747467,1.0,1.2898507714271545,1.0,1.917370855808258,1.1691517382860184,1.6677728295326233,2.6890144497156143,48.096247874200344,1.0,1.0,6.778130203485489,1.0,1,1,1.0,5.5977641344070435,3.2857439070940018,1.0585857182741165,1.0,1.0,1,12.055568746291101,66.67514473199844,22.644794821739197,2.290065348148346,1.7681300640106201,1.0,3.3915287256240845,1.0,1.0,1.0,1.0,1.0,1.301911622285843,3.2427561283111572,1.9295628368854523,1.0,1.0,1,1.0,1.0,1,1.311739206314087,1,1.0,1.1076537519693375,2.6314180344343185,1.0,1,1,2.554151713848114,2.5984706357121468,2.30924129486084,1.9251461327075958,1.233699694275856,1.407703012228012,8.22110116481781,1.0,1,2.265901267528534,1.0,42.9632333740592,9.430145435035229,15.314889326691626,50.26222914457322,34.63650295883417,28.076407313346863,43.05062806606293,20.904942993074656,2.219492197036743,121.61885575950146,38.970096707344055,51.85976833105087,41.04138492047787,1.8167178779840467,1.0,41.918091773986816,25.5629941560328,2.143464684486389,29.515894532203674,9.044012993574142,49.8491473197937,20.51155351102352,11.964645385742188,1.0,244.603436678648,171.27201095223424,27.351848483085632,113.80835011601447,12.813022322952747,25.55234156548977,12.26527191698551,34.86057985574008,14.621128290891647,3.5538022220134735,36.1163704097271,24.023634791374207,3.1426853872835636,1.0,1.0,1.0,4.8360793106257915,1.0,2.152479998767376,15.725177549757065,1.0,2.5596958585083485,2.793297730386257,1.0,1.054508937522769
TEST_06+6일,2.3147711157798767,1.0,2.5568559169769287,2.408313363790512,1.0,1.0,1.90881184861064,1.0,1.0,1.0,1.0,1.0,1.0,1.0,1.0,1.0,5.946234427392483,1.0,1.0,7.910894514061511,2.029319992288947,1.0,1.0,1,29.42806631326675,1,1,91.72804199159145,9.15809154510498,2.8394252210855484,2.0037088617682457,4.618810996413231,2.4310098588466644,1.9030344486236572,1.0,1.6547946631908417,30.306522130966187,6.065607890486717,1.0,34.831081330776215,15.76278305053711,1.3788199424743652,4.070110321044922,1,1.0572433471679688,2.9485273361206055,1,2.5397287607192993,1.0,3.8415551483631134,23.681646168231964,1.1103405803442001,8.301150679588318,1.0,1.1141744256019592,1.0,1.3765496015548706,1.0,1.0,1.0,10.211662292480469,6.9589482843875885,9.137987919151783,5.560866005718708,5.261420181021094,2.5772780179977417,1.0,1.2695933878421783,2.5173914432525635,1.321142464876175,1.8341458216309547,4.1289781630039215,1.0,1.0,3.5854420959949493,1.0,1,1.8093539401888847,1.0,2.568705752491951,2.4282926321029663,1.0,2.582160234451294,1.0,1.9674375653266907,1.0,2.1120064705610275,2.7312642335891724,1.629970371723175,3.798701748251915,61.72284297645093,1.246379315853119,1.8571975827217102,11.424931794404984,1.0,1,1,1.0,8.576483756303787,5.30577939748764,1.3942813873291016,1.0,2.2720478922128677,1,46.5328604914248,26.935947798192505,26.320163398981094,2.8926247656345367,3.236043080687523,1.0810044407844543,5.3399354219436646,1.0565177351236343,1.0,1.0,1.0,1.0,2.604374885559082,3.014875650405884,2.7647875249385834,1.0,1.0,1,1.0,1.0,1,1.0,1,1.5358532667160034,1.0,1.164284124970436,1.0,1,1,5.34822940826416,3.646826781332493,5.021542310714722,2.967079058289528,1.9423457980155945,1.7336216568946838,10.835298299789429,1.0,1,3.756583034992218,1.0608633607625961,48.76643328368664,7.568695731461048,23.542094975709915,49.4552467763424,43.693641163408756,29.585444927215576,44.24464666843414,26.455062422901392,2.4049729108810425,134.36613626033068,38.82048964500427,54.57194745540619,48.31345954909921,1.2572354543954134,1.0,52.68144965171814,34.1889289803803,3.0867141485214233,33.658822417259216,10.8546644449234,56.99489665031433,23.938876166939735,12.402328252792358,1.0,241.72605057805777,195.82759574800727,29.39846158027649,107.8613058850169,15.003877468407154,23.862750753760338,38.73418393731117,32.113132454454906,11.774791777133942,7.705351486802101,34.03565216064453,25.804099440574646,5.92629611492157,1.1087742447853088,1.0,1.0,7.290366664528847,1.0,5.073243752121925,23.7715485971421,1.156963650137186,4.524906165897846,6.408405897673219,1.0,2.20322358654812
TEST_06+7일,3.1456851959228516,1.0,3.3330793380737305,1.9245425164699554,1.0,1.0,1.0,1.0,1.0696450620889664,1.0,1.0,1.0,1.0,1.0,1.2105661444365978,1.0,1.0,1.0,1.0,1.0,1.0,1.0,1.0,1,14.47642497718334,1,1,49.272145852446556,12.222591519355774,5.507509499788284,2.406352609395981,6.856472164392471,3.5604169964790344,1.943652331829071,1.0,2.968496084213257,47.33105731010437,6.856255680322647,1.0,43.059102073311806,20.14818398654461,1.8460407853126526,3.91300630569458,1,1.0,3.6279675364494324,1,2.518784150481224,1.0,4.3116350173950195,31.56333565711975,1.7546294629573822,10.260328710079193,1.0,3.5186024755239487,1.0,1.8277552723884583,1.0,1.1742786318063736,1.0,12.537878036499023,7.9533781707286835,11.237550862133503,12.015890151262283,6.056820161640644,2.702997326850891,1.0,1.7607258260250092,4.186016023159027,1.3807034492492676,2.007998451590538,4.058749407529831,1.568257063627243,1.0,5.297645747661591,1.0,1,1.5789416804909706,1.0,3.227707713842392,2.3985421657562256,1.0,2.333056330680847,1.0,2.2772300243377686,3.1766223907470703,2.6126743108034134,4.361462593078613,2.4265792965888977,6.279792487621307,1.0,1.3866893947124481,3.5317492485046387,13.841630816459656,1.0,1,1,1.0,6.744285464286804,6.3889815509319305,1.4016690850257874,1.0,3.8530936539173126,1,98.73446077108383,1.0,32.72387379407883,4.355303347110748,3.7473469972610474,1.117834448814392,7.214604020118713,1.9153964519500732,1.484033465385437,1.0,1.0,1.0,3.722069263458252,2.723921835422516,2.406603991985321,1.0277248919010162,1.0,1,1.0,1.0,1,1.0,1,1.0,1.0,1.0,1.0,1,1,7.530502080917358,4.008489400148392,6.682685613632202,4.379682540893555,2.004399448633194,2.4554839730262756,10.411077737808228,1.0592327266931534,1,4.471356272697449,2.964942455291748,57.25092165917158,5.759255373850465,14.413791149854658,32.68154576420785,45.457947582006454,27.853411436080933,42.72428119182587,30.324260853230953,2.4387311935424805,132.90488122403622,39.627596735954285,56.860768496990204,65.71252834796906,4.207403540611267,1.0,56.582772731781006,41.02680304273963,3.5278308391571045,37.2532017827034,11.341580092906952,55.47317320108414,24.256290793418884,11.70161247253418,1.0,277.4464835897088,195.26006088405845,30.104748606681824,88.38560566306114,12.801827676594257,26.694289855659008,43.11240753531456,25.817279390990738,14.569886028766632,10.377094522118568,33.88598012924194,19.85498547554016,5.40792141109705,3.4516433626413345,1.8647474609315395,1.0,9.423628374934196,1.592475677607581,5.188697353005409,28.656524280086163,2.7572528924793005,3.08369193226099,10.092799598351121,1.0,3.620800143107772
TEST_07+1일,6.6389000415802,1.0,4.727529048919678,3.057718068361282,1.0,1.0,1.4107098132371907,1.0,1.3783973455429077,1.0,1.0,1.0,1.0,1.0,1.3986789621412754,1.0,1.0,1.0,1.0,12.244671089574695,1.0,1.0,1.0,1,1.0,1,1,3.6551517597399656,4.222095385193825,1.5104196108877659,2.0143669098615646,3.5007317662239075,1.0,1.3754472136497498,1.0,1.0,24.11810612678528,1.4808442443609238,1.0,11.83643788099289,7.525732396170497,1.0,3.4971585273742676,1,1.0,2.1263913810253143,1,3.1024170517921448,1.0,1.6898693889379501,16.805203080177307,1.0,6.5368223786354065,1.0,1.938222348690033,1.0,1.0,1.0,1.0369159281253815,1.0,8.364234924316406,10.601226031780243,7.585293598473072,5.100714676082134,9.245952844619751,1.0,1.0,1.0,2.8763869404792786,1.0,1.0717637836933136,1.0,1.0,1.0,2.762300342321396,1.7925305292010307,1,1.0,1.0,1.0,1.0,1.0,1.0,1.0,1.046576052904129,1.0,1.0,1.9380834698677063,1.0,4.148915410041809,1.158655914478004,1.0,3.4286537766456604,9.256458342075348,1.0,1,1,1.0,5.23381581902504,4.29822202026844,1.0,1.0,2.2382576912641525,1,52.61168908327818,2.4542065989226103,10.104175224900246,1.531156748533249,1.953836902976036,1.0,3.1227868795394897,1.1395379900932312,1.0,1.2339198589324951,1.0,1.0,1.0,1.0,1.5446951240301132,1.0,1.1863139271736145,1,1.0,1.0,1,1.0,1,1.0,1.0,1.0,1.0,1,1,1.050882339477539,2.0775065571069717,1.1278057843446732,1.0,1.0,1.0,3.5323041677474976,1.864609569311142,1,1.0,1.0,3.9167166557163,1.0,1.0,66.95507429540159,3.8193280566483736,1.0,2.156463883817196,1.0,1.0,1.997711265925318,1.0,1.0,6.410610259510577,3.4265247285366054,1.0,2.0105597376823425,4.001354462932795,1.0,4.175911083817482,2.2024129033088684,7.643589422106743,1.0,1.0,1.0,13.22487414162606,1.0,6.564560607075691,5.533558251336217,1.0,3.097862806171179,36.23341420292854,11.493962330743672,1.0,3.0152062699198723,4.624742668122054,5.1564618945121765,8.60464284196496,3.443511575460434,7.799229975789785,1.0,8.552704975008965,5.468014944344759,6.7909930646419525,21.657531894743443,3.5024914517998695,3.586282953619957,8.62646414898336,1.0,3.7191760540008545
TEST_07+2일,1.3107077777385712,4.824257679283619,1.0,1.0,1.0,1.0,6.696941800415517,1.0,1.0,1.0,1.0,1.0,1.0,1.0,1.0,1.0,26.45960971713066,1.0,1.0,45.64480843022466,8.727997317910194,1.0,1.0,1,1.0977733600884676,1,1,15.660115820355715,3.3880484104156494,1.0,1.8504374995827675,1.0,1.0,1.0,1.6350560635328293,1.0,4.1306032836437225,1.1700856871902943,1.0,2.102619782090187,4.767159225419164,1.0,3.1796252727508545,1,1.0,1.0,1,1.7036565840244293,1.0,1.3395573049783707,9.230149082839489,1.0,5.806158512830734,1.0,1.0,1.0,1.0,1.0,1.017642617225647,1.0,1.0,6.827272832393646,4.850912567228079,3.8974335603415966,5.9717224314808846,1.0,1.0,1.0,1.0,1.0,1.0,1.0,1.0,1.0,1.1697734221816063,1.1344248428940773,1,1.0,1.0,1.0,1.0,1.0,1.0,1.0,1.0,1.0,1.0,1.0,1.0,1.0,12.554796114563942,1.0,1.3133634626865387,1.6253005787730217,1.0,1,1,1.0,3.219692051410675,1.5864998772740364,1.0,1.0,2.3161611557006836,1,6.592339603230357,11.849348023533823,6.711575239896774,1.0,1.0,1.0,1.8829907476902008,1.0,1.0,1.0,1.0,1.0,1.0,1.0,1.0,1.0,1.0,1,1.0,1.0,1,1.0,1,1.0,1.0,1.0,1.0,1,1,1.0,1.0,1.0,1.0,1.0,1.0,1.0,1.0,1,1.0,1.0,1.9667498748749495,1.0,1.0,73.04634414613248,2.7712884107604623,1.0,1.0,1.0,1.0,1.2460556183941662,1.0,1.0,4.457570386119187,2.432535544037819,1.0,1.6765478253364563,1.7124396683648229,1.0,3.7026254683732986,1.346495620906353,5.298931106925011,1.0,1.0,1.0,8.484573260415347,1.0,4.535925537347794,2.9036752553656697,1.0,1.3594894367270172,3.6597203984856606,5.961123753339053,1.0,1.0,2.922725662589073,4.777433797717094,6.656475113704801,1.0,2.4926669895648956,1.0593960573896766,6.51286281645298,3.2463332964107394,7.205607146024704,10.15277928672731,3.730476563796401,3.0380708631128073,7.787455420475453,1.0,2.2156304656527936
TEST_07+3일,1.0,6.077441722154617,1.0,1.1039035469293594,1.0,1.0,6.3945125117898,1.0,1.0,1.0,1.0,1.0,1.0,1.0,1.0,1.0,9.065739624202251,1.0,1.0,16.523126093670726,2.797416690737009,1.0,1.0,1,4.884668681770563,1,1,91.24634966254234,2.45815846323967,1.0,1.0,1.0,1.0,1.0,1.7428363859653473,1.0,2.7455877661705017,1.0,1.0,2.877206401899457,2.3331784321926534,1.0,2.363257884979248,1,1.0,1.0,1,1.2050295025110245,1.0,1.1650797799229622,6.885973043739796,1.0,4.995747625827789,1.0,1.0540218651294708,1.0,1.0,1.0,1.2031607329845428,1.0,1.0,2.726880043745041,2.4965766817331314,3.0128308944404125,3.2865946982055902,1.0,1.0,1.0,1.143559217453003,1.0,1.0,1.0,1.0,1.0,1.7933253943920135,1.3731449842453003,1,1.0,1.0,1.0,1.0,1.0,1.0,1.0,1.1370502412319183,1.0,1.0,1.0,1.0,1.7218244187533855,38.14008481800556,1.0,1.0,1.558720674365759,1.0,1,1,1.0,3.5897784903645515,1.0,1.0,1.0,1.5986682549118996,1,1.0,14.754780158400537,3.0492574721574783,1.0,1.0,1.0,1.2067621946334839,1.0,1.0,1.0,1.0,1.0,1.0,1.0,1.0,1.0,1.0,1,1.0,1.0,1,1.0,1,1.0,1.0,1.0,1.0,1,1,1.0,1.0,1.0,1.0,1.0,1.0,1.0,1.0,1,1.0,1.0,1.0,1.0,4.476823098957539,62.23837241530419,2.2432601545006037,1.0,1.3066343665122986,1.0,1.0,2.2078488061670214,1.0,1.0,3.656934265047312,1.0,1.0,1.0,1.0,1.0,2.0742170363664627,1.0,3.010483957827091,1.0,1.0,1.0,4.177336862776429,2.751077203545719,2.660207226872444,1.0,1.0,1.0,1.0,1.141919316723943,1.0,1.0,1.0,2.7470166236162186,4.880099650472403,1.0,3.141844468191266,1.0,4.456055145710707,1.8573900824412704,5.365987457334995,5.8130847522988915,4.140282422304153,2.6790788397192955,6.762923684436828,1.0,1.0127333225682378
TEST_07+4일,2.1755480766296387,7.15585470199585,1.0,1.0927878022193909,1.0,1.0,11.992317847907545,1.0,1.0,1.0,1.0,1.0,1.0,1.0,1.0,1.0,26.476170122623444,1.0,1.0,51.51838805526495,9.568610414862633,1.0,1.0,1,1.0,1,1,13.373659998178482,1.8140008226037025,1.0,1.0,1.0855368599295616,1.0,1.0,2.7864597737789154,1.0,1.0,1.0,1.0,9.99558325856924,1.3849413362331688,1.0,2.5185956954956055,1,1.0,1.0,1,1.7446272373199463,1.0,1.0,7.926140248775482,1.0,4.4568571746349335,1.0,1.139717884361744,1.0,1.0,1.0,1.0,1.0,1.0,2.1984005123376846,1.359346236102283,3.7777872160077095,2.7876539574936032,1.0,1.0,1.0,1.33223295211792,1.0,1.0,1.0,1.0,1.0,2.0772169083356857,1.2649803422391415,1,1.0,1.0,1.0,1.0,1.0,1.0,1.0,1.520569622516632,1.0,1.0,1.0,1.0,1.7428774312138557,21.012144796550274,1.0,1.0,1.0764218419790268,1.0,1,1,1.0,3.4683301895856857,1.0,1.0,1.0,1.0,1,1.5705192927271128,11.824990659952165,2.5011057034134865,1.0,1.0,1.0,1.0768424719572067,1.0,1.0,1.0,1.0,1.0,1.0,1.0,1.0,1.0,1.0,1,1.0,1.0,1,1.0,1,1.0,1.0,1.0,1.0,1,1,1.0,1.0,1.0,1.0,1.0,1.0,1.0,1.0,1,1.0,1.0,1.0,1.0,9.913813322782516,73.24840590357782,2.7871853075921535,1.0,1.0,1.0,1.0,2.3206945329438895,1.0,1.0,2.128277588635683,1.0,1.0,1.0,1.0,1.0,2.2029765248298645,1.0,1.8264812678098679,1.0,1.0,1.0,1.0,1.0,1.0,1.0,1.0,1.0,1.2025728747248652,1.0,1.0,1.0,1.0,1.0,3.2027108408510685,1.0,1.7908723093569279,1.0748288501054049,4.012944595888257,3.926061848178506,4.90557573735714,6.879391008988024,5.09829243645072,3.8535844068974257,5.707836197689176,1.0,1.0
TEST_07+5일,2.1083608269691467,17.860317528247833,2.407879590988159,1.9299224615097046,1.0,1.0,21.17915961146355,1.0,1.0,1.0,1.0,1.0,1.0,1.0,1.1269217357039452,1.0,57.302293181419365,1.0,1.0,72.42742620408535,16.951072365045547,1.0,1.0,1,1.0,1,1,28.243044689297676,2.0905708372592926,1.0,1.0,2.4157744646072388,1.0,1.0,4.365086853504181,1.0,6.129039287567139,1.0,1.0,13.38247861713171,4.237442247569561,1.0,3.2837095260620117,1,1.0,1.907254159450531,1,2.3685957938432693,1.0,1.0,7.619862623512745,1.0,5.678308084607124,1.0,1.4878864958882332,1.0,1.0,1.0,1.0,1.0,1.0,1.90403301268816,2.261952484957874,4.657205805182457,3.0546478237956762,1.0,1.0,1.0,1.3417033851146698,1.0,1.4326997101306915,1.4865836203098297,1.0,1.0,1.9219234883785248,1.6077224165201187,1,1.0,1.0,1.0,1.0,1.0,1.0,1.0,1.4758192002773285,1.0,1.0,1.0,1.4070852100849152,2.2740727812051773,47.5186095200479,1.0,1.0,1.0,1.0,1,1,1.0,5.0051997900009155,1.2916338108479977,1.0,1.0,1.2564546167850494,1,3.4239623928442597,15.792561657726766,2.488766271620989,1.0,1.6533201560378075,1.0,1.0,1.0,1.0,1.0,1.0,1.0,1.0,1.4038072526454926,1.8457923084497452,1.0,1.0,1,1.0,1.0,1,1.0,1,1.1990892887115479,1.0,3.4816519170999527,1.0,1,1,1.0,1.0487390868365765,1.0,1.0,1.0,1.0,1.0,1.0,1,1.0,1.0,1.5846404917538166,1.0,22.56934940814972,51.27909034490586,4.134364522993565,1.0,1.249729061499238,1.0,1.0,2.2163618998602033,1.0,1.0,4.349562282674015,1.0,1.0,1.4545100927352905,1.0,1.0,2.5113697834312916,1.120884694159031,2.425060674548149,1.0,1.0,1.0,1.0,1.0,1.0,1.0,1.0,1.0,1.0,1.0,1.0,1.0,1.2876663282513618,1.0,6.732928995043039,1.0358954966068268,3.9107606932520866,1.0,5.704270806163549,3.610651893541217,6.005140319466591,14.908376592211427,5.523549495264888,5.628135986626148,6.771798629779369,1.5911841695196927,1.0
TEST_07+6일,4.440822005271912,18.73792290687561,8.186022758483887,3.832129210233688,1.0,1.0,11.055479161441328,1.0,1.0,1.0,1.0,1.0,1.0,1.0,2.408359944820404,1.0,35.23755446076393,1.0,1.0,24.632991068065166,10.517665222287178,1.0,1.0,1,14.757046177983282,1,1,109.18946005403996,3.8767820298671722,2.3442540764808655,1.6460815519094467,4.264686182141304,1.0,1.5237341821193695,4.408271759748459,1.0,22.038010001182556,1.1099513992667198,1.0,34.806352481245995,7.261709064245224,1.0,4.313174247741699,1,1.0,3.4259453415870667,1,2.661395639181137,1.0,1.5454514175653458,11.973573818802834,1.0,5.414845839142799,1.0,3.113006427884102,1.0,1.5809036791324615,1.0,1.59144788980484,1.0,6.350805282592773,2.657449319958687,2.5348410923033953,5.991430409252644,4.76206779666245,1.0,1.0,1.0,2.465699166059494,1.0,1.375747136771679,1.9789144843816757,1.0,1.0,3.178088366985321,1.7675258219242096,1,1.0,1.0,1.0,1.0,1.0,1.0,1.53219074010849,2.1933673322200775,1.0284869000315666,1.0,1.1640085279941559,1.9590872526168823,3.3438536152243614,54.98875692486764,1.0923713445663452,1.0,4.4487378895282745,1.0,1,1,1.0,7.865704536437988,3.43435138463974,1.0042529553174973,1.0,3.410607933998108,1,4.140884120715782,12.70023697987199,7.4389906376600266,2.192630350589752,2.992662601172924,1.0,1.0,1.436029076576233,1.0,1.0,1.0,1.0,1.0,1.2993386387825012,3.1971488893032074,1.0,1.0,1,1.0,1.0,1,1.0,1,1.2545467615127563,1.0,2.801869958639145,1.0,1,1,4.114193022251129,2.1628042683005333,3.301769196987152,1.7113716155290604,1.0,1.1213940382003784,5.1185542345047,1.0,1,3.3152538537979126,1.1590152233839035,4.017076635733247,1.0,48.64201247692108,28.247239142656333,5.55795864854008,1.0,2.3571234606206417,1.0,1.0,7.435761869885027,1.0,1.0,6.573305981233716,3.084221750497818,1.0,1.4152899384498596,3.4125638399273157,1.0,3.912815533578396,2.536100685596466,4.943072319030762,1.0,1.0,1.697506308555603,1.0,1.0,2.9324274510145187,3.528816037578508,1.0570816090330482,1.7884969618171453,4.580459102988243,1.0,1.0,1.0,2.5385124012827873,1.4196589216589928,11.1026681214571,2.6232460141181946,7.795118894428015,1.9939483888447285,8.880674093961716,5.6930070742964745,9.983474612236023,25.361808948218826,8.63190421834588,7.5501082465052605,12.18349460978061,2.2422131337225437,3.3920378889888525
TEST_07+7일,7.356736063957214,2.5398651883006096,11.076675415039062,4.943998396396636,2.0678749680519104,1.0,1.0,1.0,1.0,1.0,1.0,1.1243309080600739,1.1730298399925232,1.0,3.3203196711838245,1.0,1.0,1.0,1.0,1.0,1.0,1.0,1.0,1,21.09594292938709,1,1,39.45355569943786,4.952167063951492,4.1967034712433815,2.460053861141205,5.117186486721039,1.0099481418728828,1.5313360095024109,4.39636766910553,1.0,33.84575390815735,1.257125474512577,1.0,31.79466649889946,10.675686510279775,1.0,3.979356288909912,1,1.0,4.197295904159546,1,3.1993799805641174,1.0,2.5438282191753387,19.137483596801758,1.0685435682535172,5.726599991321564,1.0,5.214989483356476,1.0,1.4458903670310974,1.0,1.7649827897548676,1.0,14.58788013458252,6.737890362739563,5.7780767027288675,5.7816517651081085,8.79044097661972,1.0,1.0,1.2374605238437653,4.529757499694824,1.0,1.3801541179418564,1.9183136373758316,1.0,1.0,4.149826884269714,2.076525054872036,1,1.0,1.0254662483930588,1.0,1.0,1.0,1.0,1.3049694895744324,2.1957042813301086,2.2551709413528442,1.0,2.391510158777237,1.7967382073402405,5.59972470998764,2.061798102222383,1.0439695417881012,2.953369617462158,11.40727749466896,1.0,1,1,1.0,6.482166811823845,6.029090970754623,1.0,1.0261064022779465,4.442346543073654,1,48.023125156760216,5.254705026745796,12.768035382032394,5.451971590518951,3.188534826040268,1.0,1.9063039124011993,2.4552199244499207,1.0,1.0,1.0,1.0,1.1690962314605713,1.0758382827043533,2.8634628653526306,1.0,1.0,1,1.0,1.0,1,1.0,1,1.0,1.0,1.0,1.0,1,1,6.787737607955933,2.8581350296735764,4.339203834533691,2.7539049088954926,1.0,1.8419528007507324,12.49286413192749,1.7035239934921265,1,3.9701849222183228,1.7301800847053528,5.647838641889393,1.0,35.88828518986702,18.204378485679634,5.853650074452162,1.0,3.6041172444820404,1.0,1.0,8.980274809990078,1.0,1.0,7.851546384394169,4.872860141098499,1.0,1.0865995287895203,6.073918282054365,1.0,5.195792630314827,3.0057877376675606,6.287465900182724,1.0,1.0,1.8292739987373352,5.044157106429339,1.0,4.219996556639671,1.0,2.420582687482238,1.1868146527558565,25.787776947021484,5.94315750990063,1.2672131229192019,2.7164740674197674,2.6709808856248856,3.303072042763233,11.128158755600452,6.138823628425598,14.543805625289679,2.8391797840595245,12.949093095958233,8.537124618887901,10.249364897608757,37.318318197503686,13.525703251361847,6.404546555131674,17.723550903610885,1.719562285579741,5.205512722022831
TEST_08+1일,7.851675748825073,1.0,6.9875407218933105,3.745103985071182,1.0,1.0,1.0,1.0,3.6897441744804382,1.0,1.0,1.0,1.0,1.0,2.5780356489121914,1.0,11.168700456619263,1.113821268081665,1.4589165151119232,12.376614976674318,1.0,1.7393983528017998,1.0,1,3.3907778374850746,1,1,1.0,9.853176891803741,4.1223873272538185,3.0014376640319824,3.9835116863250732,1.476741023361683,1.0,1.0,6.03938102722168,41.780025243759155,1.0,1.4775379002094269,25.78517533838749,16.462082467973232,1.1123258620500565,4.352779388427734,1,1.0,2.6007479429244995,1,5.279522567987442,1.0,3.043508768081665,15.043319046497345,1.0,7.338177740573883,1.2419088184833527,3.331369087100029,1.0,1.284199208021164,1.0,1.0,3.0101582407951355,15.812658309936523,13.790873050689697,24.547097995877266,13.213382422924042,13.595051273703575,1.8833273649215698,1.0,1.4665643870830536,2.934153974056244,1.0,1.410769522190094,2.722144991159439,1.7116498947143555,1.0,4.150762170553207,1.8415633589029312,1,1.7874480038881302,1.1793282628059387,2.9233098924160004,3.0401375889778137,1.0,1.0,1.0,1.7618489265441895,1.6994516551494598,2.6995832473039627,3.383658528327942,3.2091358304023743,7.648123025894165,1.0,1.7665596306324005,3.2381626963615417,7.733139306306839,1.0,1,1,1.0,35.962019205093384,5.441439628601074,2.2653457522392273,1.0,3.9021185785531998,1,125.15807524323463,1.0,13.896408766508102,2.785711348056793,2.1883510053157806,1.0,2.5434935092926025,1.28055140376091,1.0,1.8435320258140564,1.0,1.1856461316347122,1.8036924675107002,1.3946673274040222,2.348238453269005,1.1709152907133102,1.0,1,1.0,1.0,1,1.0,1,1.0,1.0,1.0,1.0,1,1,1.0,1.9531225040555,2.635635733604431,1.0,1.0,1.0,3.1663328409194946,1.0,1,1.3974007964134216,1.0,6.6545773996040225,1.0,1.0,1.0,8.532523462548852,1.0,5.578799776732922,1.211904245428741,1.0,10.562998529523611,1.0,1.0,21.320027969777584,5.237421326339245,4.743094742298126,1.0,8.756511472165585,1.1522499471902847,7.2277432680130005,3.2061963602900505,11.211963400244713,1.0,1.0,1.7384722828865051,18.089832426980138,3.863905163481831,7.2533416002988815,9.955850197002292,1.329590929672122,3.747614324092865,36.79399347305298,18.478545470163226,2.075679851695895,2.4144828133285046,5.24701575189829,5.899057015776634,37.64310374855995,28.827196955680847,69.34184044599533,16.610508486628532,40.88863901793957,51.067026257514954,23.564487099647522,280.3576234728098,63.0198772251606,31.811892986297607,61.56343258917332,18.823029175400734,38.72266609221697
TEST_08+2일,1.8861591815948486,8.016252368688583,1.0,1.0,1.0,1.0,6.788272269070149,1.0,1.0,1.0,1.0,1.0,1.0,1.0,1.0,1.0,39.172786474227905,1.0,1.0,45.76918812468648,12.95210413634777,1.0,1.0,1,1.234595440328121,1,1,1.5367140294983983,6.0921198427677155,2.299314111471176,2.709345057606697,1.0,1.0,1.0,1.0,1.8731003999710083,21.80394685268402,1.0,1.0803080350160599,12.19156663864851,11.40058665536344,1.0,4.006445407867432,1,1.0,1.0,1,3.741169720888138,1.0,2.720960721373558,9.433351799845695,1.0,6.56664714217186,1.1061904579401016,2.4658112972974777,1.0,1.0,1.0,1.0,1.4217834174633026,6.291990756988525,10.809407114982605,15.533425536006689,10.642364904284477,8.723761819303036,1.4364472031593323,1.0,1.0,1.6683368384838104,1.0,1.1221814900636673,1.4467898607254028,1.223730444908142,1.0,1.9001350551843643,1.0,1,1.2403987348079681,1.0,1.6768917590379715,1.671915054321289,1.0,1.0,1.0,1.0,1.0,1.3492006435990334,1.0,1.7199499905109406,1.0,7.73905968759209,1.4084260165691376,1.9696387648582458,1.9328195303678513,1.0,1,1,1.0,20.721465289592743,2.1795382127165794,1.638394147157669,1.0,8.203514903783798,1,25.515686720609665,41.28667913377285,11.531951159238815,1.6860030144453049,1.0644815862178802,1.0,1.258939951658249,1.0,1.0,1.0855154693126678,1.0,1.0,1.2963596731424332,1.079840213060379,1.2222777307033539,1.0,1.0,1,1.0,1.0,1,1.0,1,1.0,1.0,3.3408287912607193,1.0,1,1,1.0,1.0,2.1192967891693115,1.0,1.0,1.0,1.2208343297243118,1.0,1,1.0,1.0,4.410542192868888,1.0,2.1395836025476456,11.457390785217294,6.738539339974523,1.0,4.938585340976715,1.0,1.0,8.159292083699256,1.0,1.0,16.082241293042898,3.642029415816068,4.378231763839722,1.0,5.852648681029677,1.0,5.81422883272171,2.002598099410534,8.369750529527664,1.0,1.0,1.0,12.201960869133472,4.205458898097276,5.365590304136276,7.743826215155422,1.3146049249917269,2.1873611211776733,10.83757998794317,11.933905623853207,1.5450186841189861,1.0,3.769755572080612,5.5522820353508,18.316117115318775,4.550819993019104,27.93865155428648,3.72635617852211,26.759982109069824,13.469748543575406,8.39325599372387,159.26419738680124,35.101855248212814,39.23545405268669,48.471387661993504,7.618190422654152,39.21069569885731
TEST_08+3일,1.0,9.718004018068314,1.0,1.0,1.0,1.0,7.161170236766339,1.0,1.0,1.0,1.0,1.0,1.0,1.0,1.0,1.0,22.986973822116852,1.0,1.0,16.25161168165505,5.426676571369171,1.0,1.0,1,2.9025451932102437,1,1,31.447111107409004,3.7654424607753754,1.0,1.696966014802456,1.6118188574910164,1.1921046674251556,1.0,1.0,1.8922552466392517,18.146656692028046,1.0,1.504155546426773,12.296616658568382,7.049992127344012,1.0,3.1949758529663086,1,1.0,1.0,1,2.41969658434391,1.0,2.11929053068161,7.454247049987316,1.0,6.378213942050934,1.0,1.9947358220815659,1.0,1.041649878025055,1.0,1.0,1.0,2.9801368713378906,3.893797606229782,8.174307569861412,10.872554883360863,6.88725908473134,1.8167051672935486,1.0,1.0,2.670108675956726,1.0,1.0,1.0,1.0,1.0,3.21199569106102,1.2197013944387436,1,1.0,1.0,1.2599513456225395,1.0,1.0,1.0,1.0,1.0,1.4070356637239456,1.0,2.75459885597229,1.1384950578212738,5.408925160765648,27.932736240327362,1.0,1.9643974304199219,1.5988666042685509,1.0,1,1,1.0,15.655362725257874,1.4080035835504532,1.0,1.0,4.572131931781769,1,17.393316607922316,27.843810170888904,5.974385753273964,2.1070237904787064,1.0,1.0,1.0329405963420868,1.0,1.0,1.0,1.0,1.0,1.0389811545610428,1.110672727227211,1.0,1.1153748631477356,1.0,1,1.0,1.0,1,1.0,1,1.0,1.0,4.22100305557251,1.0,1,1,1.0,1.0,2.008857876062393,1.0,1.0,1.0,1.0,1.0,1,1.0,1.0,1.5131372557953,1.0,62.125110626220696,52.9954468458891,5.383613904938102,1.0,4.228749632835388,1.0,1.0,5.467710162512958,1.0,1.0,9.801413102075458,1.1076472848653793,4.0798816084861755,1.0,3.1295006591826677,1.0,3.9471976906061172,1.0408249497413635,4.589307628571987,1.0,1.0,1.0,6.83336086338386,6.101433796808123,3.381279930472374,2.560583419399336,1.015816479921341,1.7896313173696399,3.7420377172529697,4.733270324766637,1.0,1.0,1.6175286546349525,3.3252988010644913,17.074825912714005,2.5736188888549805,22.936111614108086,1.0,19.833231642842293,7.993508172221482,5.918734110891819,155.38468547165394,34.82102259993553,44.87115517258644,61.86880869790912,12.477422878146172,35.10257184505463
TEST_08+4일,2.1255478262901306,18.14844712615013,1.0,1.0444958209991455,1.0,1.0,7.380665361881257,1.0,1.0,1.0,1.0,1.0,1.0,1.0,1.0,1.0,49.977774918079376,1.0,1.0,48.24619963765144,15.000903755426407,1.0,1.0,1,9.926970675587652,1,1,9.606877276673913,4.042285457253456,1.0,1.1883535534143448,2.181616209447384,1.1826727911829948,1.0,1.0,2.466985285282135,19.065345227718353,1.0,3.40129554271698,18.623787350952625,6.267441147007048,1.0,3.2271065711975098,1,1.0,1.0,1,2.3251121938228607,1.0,2.0555428862571716,8.085420176386833,1.0,5.790384858846664,1.0,1.9790898263454437,1.0,1.2858641147613525,1.0,1.0,1.0,4.131971836090088,2.4259639754891396,8.542184371501207,12.433062314987183,6.7719546854496,2.3163285851478577,1.0,1.3480374217033386,3.1848806142807007,1.0,1.2426124513149261,1.308159813284874,1.0,1.0,3.614542841911316,1.3590293005108833,1,1.2138472124934196,1.0,1.5267822444438934,1.0,1.0,1.0,1.0,1.138320043683052,1.1139708012342453,1.0,2.946975827217102,1.6517037153244019,5.271416336297989,14.329119455069305,1.0,2.0266327261924744,1.152984894812107,1.0,1,1,1.0,11.772618591785431,1.185990147292614,1.0,1.0,2.9363447427749634,1,13.41047091409564,22.042742036283016,3.888591952621937,1.4273760318756104,1.0,1.0,1.0,1.0,1.0,1.0,1.0,1.0,1.3949720934033394,1.5452983975410461,1.0,1.354968547821045,1.0,1,1.0,1.0,1,1.2790175676345825,1,1.0,1.0,5.417492240667343,1.0,1,1,1.0,1.0,1.7717616260051727,1.0,1.0,1.0,1.0,1.0,1,1.0,1.0,1.0,1.0,45.702365040779114,83.39463889598848,4.964147370308638,1.0,2.6195234656333923,1.0,1.0,3.3079024530015886,1.0,1.0,6.006818166933954,1.0,3.999550938606262,1.0,1.0,1.0,3.1326615065336227,1.4185205660760403,3.177192084491253,1.0,1.0,1.0,1.0,3.1931447554379697,1.0,1.0,1.0,1.0,5.834460966289043,1.0,1.0,1.0,1.0,1.0,22.546218410134315,9.455214142799377,31.457822993397713,2.1843713708221912,24.009946808218956,14.85465383157134,8.959591835737228,190.85349552333355,47.12358936667442,48.79278689622879,91.01827051490545,25.639110021293163,31.966502219438553
TEST_08+5일,2.061053514480591,49.39952552318573,1.1396958827972412,1.859045922756195,1.0,1.0,18.430860839784145,1.0,1.0,1.0,1.0,1.0,1.0,1.0,1.3981219846755266,1.0,64.72716629505157,1.0,1.2458418309688568,68.56156453490257,25.83347514271736,1.0,1.0,1,15.19888289272785,1,1,12.881432287395,6.515941321849823,1.0,1.4193189665675163,2.8590607345104218,1.3938131555914879,1.0,1.0,1.3885441422462463,21.657169342041016,1.0,2.939554452896118,20.730767212808132,10.124286098405719,1.1842751502990723,3.7090320587158203,1,1.0,2.0906439423561096,1,2.680693581700325,1.0,2.7645577490329742,8.17983566224575,1.0,7.1505753099918365,1.0,2.280050441622734,1.0,1.1871493607759476,1.0641957819461823,1.0,1.0,2.7510857582092285,1.6894706189632416,7.033305326476693,14.821761071681976,6.958779126405716,3.534274697303772,1.0,1.2706796824932098,3.3471325039863586,1.0,1.767432913184166,2.445719212293625,1.0,1.0,3.0778540670871735,1.8175551667809486,1,1.6575173288583755,1.0,1.5413445830345154,1.4784784615039825,1.0,1.0,1.0,1.0,1.0234222188591957,1.2747517973184586,1.602391004562378,1.7646344006061554,5.1828518360853195,30.546658728271726,1.0,2.4255213141441345,1.0,1.0,1,1,1.0,15.007291942834854,1.6536490693688393,1.1696234345436096,1.0,3.5893822610378265,1,40.653521195054054,22.460320703685284,3.068617884069681,2.2101262360811234,1.6718262806534767,1.0,1.0,1.0,1.0,1.0,1.0,1.0,1.543363407254219,2.0858056843280792,1.6997826844453812,1.2293718755245209,1.0,1,1.0,1.0,1,1.1220588684082031,1,1.4576019048690796,1.0,6.933610886335373,1.0,1,1,1.0,1.0,1.6510432958602905,1.0,1.0,1.0,1.0,1.0,1,1.0,1.0,2.840605676639825,1.0,14.300309121608732,116.67827650904657,5.966717312112451,1.0,3.741994008421898,1.0,1.0,3.916277280077338,1.0,1.0,7.897463094443083,1.0,3.0940312147140503,1.0,2.5955660296604037,1.0,3.5115368738770485,1.6390064284205437,3.8697036169469357,1.0,1.0,2.335611879825592,1.0,4.600833575241267,1.7976155132055283,1.0,1.2001311988569796,1.0,3.9327062889933586,1.0,1.0,1.0,2.2269835136830807,1.0,33.63755166530609,7.821711301803589,28.868036083877087,1.0051318816840649,27.011394500732422,14.112953748553991,12.249126955866814,186.24324202537537,43.27480360865593,63.387803733348846,88.13232388347387,33.69765222072601,38.029814064502716
TEST_08+6일,3.7011152505874634,37.73464947938919,6.825614929199219,5.023025333881377,1.0,1.0,14.131778709590437,1.0,1.0,1.0,1.5003778040409088,1.0356014966964722,1.0,1.0,3.173932246863842,1.0,27.05470472574234,1.0,2.695271074771881,22.595379911363125,15.775941386818886,1.11015222966671,1.0053268074989319,1,8.996153622865677,1,1,47.05940119922161,9.366566777229309,3.2089033350348473,2.0427292212843895,6.139863699674606,2.7140890806913376,1.376606971025467,1.0,2.2200392186641693,39.93077063560486,1.0,1.0,40.960028767585754,14.190900631248951,1.5741130709648132,4.535999298095703,1,1.0,3.8830801844596863,1,3.065901219844818,1.0,3.3704301714897156,11.741523429751396,1.0,7.337636232376099,1.0,3.5251258313655853,1.0,2.3515936732292175,1.306217908859253,1.7458143830299377,1.0,9.180501937866211,1.2625701762735844,10.372924625873566,18.93053698539734,9.86431910097599,4.437609314918518,1.0,1.6362389922142029,3.936067819595337,1.0,1.7882731184363365,3.649215966463089,1.0,1.0,4.691418290138245,2.05989982932806,1,2.206621617078781,1.0,2.0756705552339554,1.897331178188324,1.2385065853595734,1.0,1.0,1.2031317502260208,1.0,2.6036544889211655,1.7215640842914581,1.7652364075183868,5.528406232595444,46.43669927492738,1.3973841071128845,3.7402135133743286,4.902804225683212,1.0,1,1,1.0,34.971972942352295,4.566528394818306,1.7580223083496094,1.0,5.085645228624344,1,108.04676357656717,20.252645052969456,5.283734545111656,4.310574501752853,3.05570550262928,1.0,1.1559011042118073,1.0,1.0,1.4371682703495026,1.0,1.0,2.4167923629283905,2.717515528202057,3.0763033032417297,1.0,1.0,1,1.0,1.0,1,1.0,1,1.0,1.0,3.9082878828048706,1.0,1,1,4.470158517360687,2.175915278494358,3.0929571390151978,1.7929447442293167,1.0,1.5339592099189758,7.153565883636475,1.0,1,3.3771514892578125,1.2687090039253235,5.732485695742071,1.0,49.84900206327438,123.70468109846117,7.967130791395903,1.0,5.258775159716606,1.0,1.0,9.824032737873495,1.0,1.0,11.52059063501656,3.440488457679748,3.03485244512558,1.0,6.133571796119213,1.0,5.1701614037156105,3.2223976105451584,6.84146673977375,1.0,1.0,6.4701032638549805,3.66922768065706,3.6057793810032304,3.993755355477333,8.164020916447043,2.2721304651349783,2.556849652901292,9.024875417351723,5.263281168416143,1.0,1.7111372016370296,3.6334968097507954,2.2684449329972267,50.22366799414158,15.37388563156128,39.03187409043312,1.841400507837534,43.15700180828571,21.59288903698325,19.24728363752365,235.59963516891005,47.950608506798744,76.63039118051529,65.25789760053158,31.69268723577261,44.49059642851353
TEST_08+7일,6.819698810577393,1.0,12.123619079589844,8.187345683574677,1.6878663003444672,1.0,2.5864142514765267,1.0011083632707596,1.7527571320533752,1.094648540019989,1.2939628958702087,1.418984830379486,1.2830144166946411,1.0,5.132950656116009,1.0,1.0,1.7222346365451813,3.466728627681732,1.0,1.0,1.590314581990242,1.0,1,1.3008912093937395,1,1,22.042684257030487,11.01443150639534,5.533692911267281,2.817339062690735,8.089326471090317,3.2852234691381454,1.2281783670186996,1.0,7.333680987358093,58.20077466964722,1.0,1.0,45.06144002079964,17.74026384204626,1.5781590342521667,4.423290729522705,1,1.0,4.760778844356537,1,3.996835947036743,1.0,3.360472798347473,17.68949656188488,1.1471430212259293,7.023395597934723,1.0,3.952757567167282,1.0,3.161032795906067,1.3185974955558777,1.7014424502849579,1.516261100769043,18.038347244262695,6.43317586183548,18.65410555154085,18.010004699230194,15.988752901554108,3.5300233960151672,1.0,2.7898237109184265,4.47769969701767,1.0,1.8447842448949814,3.6507364213466644,1.3133502006530762,1.0,6.129280149936676,2.4813860654830933,1,2.7672741562128067,1.0,2.4946507811546326,1.7323806881904602,1.822519600391388,1.3388621807098389,1.0,2.2197797894477844,3.5595792531967163,3.70573952794075,1.9658873975276947,2.6983433961868286,9.483596980571747,5.332591461483389,1.510293036699295,5.314260125160217,9.926885604858398,1.0377340763807297,1,1,1.0,5.126367062330246,7.841118425130844,2.0968344807624817,1.1227032542228699,8.470332384109497,1,157.09461830556393,1.0,9.512412428855896,5.482742607593536,3.3711619675159454,1.0,2.546491324901581,2.199499011039734,1.0,1.185278370976448,1.0,1.0751333087682724,2.6420581340789795,2.695365250110626,3.271608352661133,1.0,1.0,1,1.0,1.0,1,1.0,1,1.0,1.0,1.0,1.0,1,1,6.445505619049072,2.6851707696914673,4.799084365367889,3.127417042851448,1.6093869507312775,1.737620085477829,11.006578207015991,1.174461916089058,1,4.143499732017517,1.862686276435852,7.860091777518392,1.0,16.338392347097397,57.14484721422196,8.164655357599258,1.0,7.449663430452347,1.5153698867652565,1.0,13.22354605421424,1.0,1.0,16.413475930690765,5.273070715367794,3.313649594783783,1.0,9.526928579434752,1.0075922310352325,6.775502607226372,3.870365396142006,8.60816514492035,1.0,1.0,7.149226665496826,8.893765661865475,4.830829135142266,5.115507394075394,7.602766412310301,3.8040924444794655,2.081312134396285,30.283605232834816,11.10320442542434,1.457606516778469,3.350522965192795,3.998239815235138,4.527666419744492,61.200435161590576,30.32534122467041,75.28500735759735,10.745419338345528,56.111948788166046,45.99164765328169,24.81403350830078,292.93089732527733,73.90708208084106,58.14138427376747,45.7071827724576,25.84659319370985,37.09717568010092
TEST_09+1일,9.371548891067505,11.182213202118874,10.003007888793945,5.4335488080978385,1.0,1.0,1.0,2.1063056588172913,1.1545692384243011,1.1135240644216537,1.0,1.0,1.0,3.478284627199173,21.8354232609272,1.0,8.694331347942352,1.0,3.126349151134491,4.617033109534532,1.0,1.3557567447423935,1.0,1,3.84070286527276,1,1,14.545397367328407,12.739183366298676,3.251732625067234,2.158899247646332,4.076120316982269,1.0,1.0,1.0,6.654881834983826,37.69980072975159,1.0,1.0,30.841772630810738,11.594423731788993,2.17048317193985,4.868351459503174,1,1.0,2.9438477754592896,1,3.8793760538101196,1.0,2.6082241386175156,20.576423913240433,1.0,7.41834631562233,1.0,2.7259569615125656,1.0,3.0165114998817444,1.0,1.0,1.0,15.341072082519531,14.689907312393188,25.614419773221016,15.340338468551636,16.902776263654232,1.3241849839687347,1.0,1.6717803478240967,2.9672491550445557,1.0,1.2752371653914452,2.3315398693084717,1.0,1.0,3.3210029304027557,1.91393680870533,1,1.6700756549835205,1.0,1.9337701201438904,1.6890624165534973,1.0,1.0515506565570831,1.0,2.4013030529022217,1.1413414031267166,3.091947063803673,1.6563600301742554,2.079637497663498,7.065511763095856,1.0,1.748979240655899,5.440964102745056,8.174434036016464,1.0,1,1,1.197078377008438,16.866230964660645,4.926948443055153,1.2826022505760193,1.0,3.0466762483119965,1,100.1263428479433,24.436359629034996,23.346490055322647,4.72113698720932,3.114611655473709,1.0,2.825605571269989,1.2693531811237335,1.2854862213134766,2.209685444831848,1.0,1.3854514062404633,2.597961500287056,1.1311179399490356,2.3137570917606354,1.0,1.0,1,1.0,1.0,1,1.0,1,1.0,1.0,1.0,1.0,1,1,1.0,1.7099342308938503,1.3716930150985718,1.0,1.0,1.0,1.5993896126747131,1.0,1,1.0434210300445557,1.0,8.113232328556478,1.0,1.0,1.0,9.75158679485321,1.0,6.5538148283958435,1.6425891174003482,1.0,15.657924264669418,1.0,1.4235487021505833,19.290465343743563,6.2588354125618935,1.0,1.0,10.135488042607903,1.3747420907020569,6.916771829128265,4.420280337333679,13.190870001912117,1.0,1.0,12.242650985717773,23.921156169846654,8.310812345705926,7.684489339590073,10.270106764510274,2.313308799639344,4.29576606489718,32.62789122760296,23.82707489281893,2.478897338733077,4.428490698337555,6.062026202678681,7.239024788141251,24.407625794410706,7.914461195468903,26.86303474009037,2.9612070694565773,26.8765277415514,14.26700284704566,11.698870956897736,152.7323378250003,51.07836440205574,35.79561412334442,64.06451854854822,19.738295562565327,49.611787497997284
TEST_09+2일,2.661529779434204,10.741993635892868,3.1581056118011475,1.0,1.0,1.0,5.763598434627057,1.3852418214082718,1.0,1.0,1.0,1.0,1.0,1.3311228901147842,3.1753993593156338,1.0,39.82158154249191,1.0,1.0,22.00513836927712,7.394242733716965,1.0,1.0,1,2.853199560195207,1,1,4.061830504797399,10.917437463998795,1.4230720661580563,1.8445602282881737,1.1020544730126858,1.0768328234553337,1.0,1.0,2.838522791862488,19.23935031890869,1.0,1.0,17.535498924553394,7.238074645400047,1.0726726055145264,4.331908702850342,1,1.0,1.2267187237739563,1,2.0101101994514465,1.0,2.257677659392357,12.974558785557747,1.0,6.995679289102554,1.0,1.1907636746764183,1.0,3.3371886610984802,1.0,1.0,1.0,7.871203899383545,9.707716763019562,15.303336393088102,8.252937331795692,10.327962756156921,1.2635581195354462,1.0,1.0,1.3212624192237854,1.0,1.0167498886585236,1.1367813870310783,1.0,1.0,1.2227734699845314,1.0,1,1.0,1.0,1.473612055182457,1.0894928127527237,1.0,1.0,1.0,1.0,1.0,1.8946194648742676,1.0,1.0,1.0,8.778182328678668,1.3352034986019135,1.3708773255348206,1.6594896912574768,1.0,1,1,1.0,9.983514279127121,1.6310027316212654,1.0,1.0,5.318208754062653,1,1.0,63.21488693356514,17.018168717622757,4.247294992208481,2.0371725782752037,1.0,1.359461098909378,1.0,1.1765910685062408,2.293846905231476,1.0,1.0675740242004395,2.078413814306259,1.0,1.1695546656847,1.0,1.0,1,1.0,1.0,1,1.0,1,1.0,1.0,1.507250815629959,1.0,1,1,1.0,1.0,1.0,1.0,1.0,1.0,1.3730064034461975,1.0,1,1.0,1.0,5.748027314431965,1.0,13.276856392621994,12.577660977840432,7.89305285923183,1.0,5.562105059623718,1.3932792283594608,1.0,11.552278591319919,1.0,1.0,14.752932198345661,4.2278448566794395,1.0,1.0,7.1693387646228075,1.0547024756669998,5.729908242821693,2.85218408703804,10.201552152633667,1.0,1.0,8.842992186546326,17.14193731918931,8.293988189660013,5.865880772471428,8.491276204586029,1.999422605149448,2.9501287173479795,15.056168615818022,16.274810636416078,1.8683338165283203,1.7581819742918015,4.620389841496945,6.6796234250068665,9.691299460828304,5.587209016084671,10.223369896411896,3.398039545863867,14.40584871917963,7.332216398790479,10.973257794976234,73.17723948508501,16.026043072342873,27.28036232292652,30.867852130904794,10.497128795832396,45.79500898718834
TEST_09+3일,1.0,14.226395040750504,2.817722797393799,1.0,1.0,1.0,7.263319969177247,1.1703146249055862,1.0,1.0,1.0,1.0,1.0,1.0,3.2282911241054535,1.0,23.667340725660324,1.0,1.0,6.861469289287925,7.693469598889351,1.0,1.0,1,4.588151704519987,1,1,66.99852839112282,7.408461928367615,1.0,1.0,1.570578284561634,1.0384100675582886,1.0,1.0,1.286306381225586,16.11001831293106,1.0,1.0,16.72565843909979,3.858826180920005,1.0,3.386488914489746,1,1.0,1.1146095395088196,1,1.371359333395958,1.0,1.8289896994829178,9.945444330573082,1.0,7.385685831308365,1.0,1.1396808922290802,1.0,3.1480878591537476,1.0,1.0,1.0,3.001753330230713,3.8448549807071686,7.72509878128767,5.968590520322323,4.231725890189409,1.5869346261024475,1.0,1.0,2.3475438356399536,1.0,1.0,1.0,1.0,1.0,2.0530281364917755,1.212388463318348,1,1.0,1.0,1.3883439749479294,1.0,1.0,1.1479395627975464,1.0,1.0,1.0,1.6831688582897186,1.0288859903812408,1.0,3.156494066119194,41.318969540297985,1.0,1.698073297739029,1.632391668856144,1.0,1,1,1.0,8.921447038650513,1.0,1.0,1.0,3.0598381608724594,1,3.5396407765801996,36.395565792918205,8.200966790318489,3.9830036759376526,1.390032097697258,1.0,1.21085986495018,1.0,1.0,1.9666759669780731,1.0,1.0,1.8532025814056396,1.0,1.0,1.0,1.0,1,1.0,1.0,1,1.0,1,1.0,1.0,1.0,1.0,1,1,1.0,1.0,1.0,1.0,1.0,1.0,1.118987500667572,1.0,1,1.0,1.0,2.1713504530489445,1.0,94.39022541046143,53.91184076666833,6.228566432371736,1.0,4.592969745397568,1.0,1.0,6.384989159181714,1.0,1.0,9.379072193987668,1.309506643563509,1.0,1.0,3.8084048246964812,1.0,3.7541477531194687,1.6350023671984673,5.544738210737705,1.0,1.0,5.271105170249939,9.666872551664712,8.887707983143628,3.8807713985443115,4.238821101607755,1.517438746523112,2.39675662945956,9.792569622397421,7.126903561875225,1.0,1.0,2.7495746836066246,4.028286039829254,3.612226936966181,4.117124676704407,6.7913164384663105,2.34828919172287,8.427353017032146,3.5426216712221503,7.817875444889069,41.101074032485485,15.68381242454052,20.42059600353241,27.33047315850854,8.847444131970406,20.584764182567596
TEST_09+4일,2.196490168571472,12.913605272769928,2.2632627487182617,1.0,1.0,1.0,5.818826530128718,1.047528237104416,1.0,1.0,1.0,1.0,1.0,1.0,5.706894211471081,1.0,29.894314706325527,1.0,1.0,18.631734643131495,4.825891479849815,1.0,1.0,1,13.8276419788599,1,1,37.50243969261646,4.547573804855347,1.0,1.0,2.263742096722126,1.2177839130163193,1.036316454410553,1.0,2.1611523628234863,15.390813171863556,1.0,1.0172073543071747,20.988547801971436,2.5132180778309703,1.0,3.3249573707580566,1,1.0,1.4772102236747742,1,1.260136567056179,1.0,1.8494012653827667,10.4088776409626,1.0,6.910643994808197,1.0,1.0,1.0,3.553030490875244,1.0,1.0,1.0,3.7363533973693848,2.550020031630993,8.396500658243895,5.941377736628056,3.7092514503747225,2.023709714412689,1.0,1.541672945022583,2.9682379961013794,1.0,1.1161580309271812,1.119012176990509,1.0,1.0,2.3306393325328827,1.4261741191148758,1,1.0,1.0,1.5438229441642761,1.0,1.0,1.0,1.0,1.0,1.0,1.1239705234766006,1.0,1.4120815694332123,3.5497555881738663,25.069936607033014,1.0,1.3015612959861755,1.1841641664505005,1.0,1,1,1.0,8.89513510465622,1.0,1.0,1.0,1.9321279898285866,1,1.0,34.32626247406006,8.996499121189117,3.2762213051319122,1.374778151512146,1.0,1.0,1.0,1.0,1.0654976963996887,1.0,1.0,2.36357219517231,1.263221651315689,1.0,1.0,1.0,1,1.0,1.0,1,1.0,1,1.0,1.0,3.4505000710487366,1.0,1,1,1.0,1.0,1.0,1.0,1.0,1.0,1.5341442823410034,1.0,1,1.0,1.0,1.271134209819138,1.0,56.73788040876388,87.22793802618982,5.3201641626656055,1.0,2.4549065306782722,1.0,1.0,2.856969729065895,1.0,1.0,5.8069831426255405,1.0,1.0,1.0,1.2741140061989427,1.0,2.9579072818160057,1.976437509059906,3.9833896458148956,1.0,1.0,3.15684050321579,1.0,5.308004845166578,1.4365331083536148,1.5553582925349474,1.101804985664785,1.0,9.56307318806648,1.0,1.0,1.0,1.4320852421224117,1.0,7.279487084597349,5.21485760807991,4.640776161104441,2.1911913715302944,9.794646352529526,6.869219709187746,7.346427887678146,50.37468764930964,27.23919779062271,21.905040368437767,31.668786332011223,10.4933225736022,8.929971735924482
TEST_09+5일,2.465580701828003,11.00131630897522,2.6724064350128174,1.3599569350481033,1.0,1.0,16.250177800655365,1.5108831971883774,1.0,1.0,1.0,1.0,1.0,2.1788066625595093,14.135867357254027,1.0,45.23845463991165,1.0,1.0,33.52491529658437,12.202786058187485,1.0,1.0,1,18.71395468711853,1,1,28.99950306862593,4.33025935292244,1.0,1.0,2.9944760128855705,3.2368241250514984,1.5775308012962341,1.0,1.725710928440094,19.832782983779907,1.0,1.0,23.177850246429443,5.469219379127026,1.0,3.7843990325927734,1,1.0,2.6202115416526794,1,2.4412404596805573,1.0,2.6951819956302643,8.540454223752022,1.0,8.184072494506836,1.0,1.0,1.0,3.7145301699638367,1.0,1.0,1.0,3.5346646308898926,1.805185206234455,5.577678708359599,5.249342679977417,3.451168293133378,2.902514338493347,1.0,1.0,3.1316980719566345,1.0,1.6094919294118881,2.2550868541002274,1.0,1.0,1.9833845496177673,1.891643926501274,1,1.0,1.0,1.9491952955722809,1.0,1.0,1.0,1.0,1.0,1.0,1.2458256259560585,1.0,1.4537963271141052,3.6726483553647995,40.65588992089033,1.0,1.0266753286123276,1.0,1.0,1,1,1.0,13.377395778894424,1.163389652967453,1.0,1.0,2.730871081352234,1,2.881161868572235,45.32638370990753,9.849940717220306,4.146694511175156,1.993413083255291,1.0,1.0,1.0,1.0,1.0,1.0,1.0,2.3270192742347717,1.8263660371303558,1.6937541961669922,1.0,1.0,1,1.0,1.0755677819252016,1,1.0,1,1.0,1.062413677573204,6.139204502105713,1.0,1,1,1.0,1.0,1.0,1.0,1.0,1.0,2.388826459646225,1.0,1,1.0,1.0,3.4222446847707033,1.0,26.19544342160225,123.10466334223749,6.28085408732295,1.0,3.794404149055481,1.0,1.0,4.059963095933199,1.0,1.0,8.346547970548272,1.0,1.0,1.0,2.9185031121596694,1.0,3.3184197023510933,2.3841914162039757,4.602835647761822,1.0,1.0,1.6186374425888062,2.4090459658764307,7.079293469898402,2.5200635194778442,3.8639240106567736,1.7738870834000409,1.0,7.326079223304987,1.0,1.0,1.0,3.379885394126177,1.0,12.774537671357393,5.922144055366516,5.102162752300501,3.0509218387305737,11.052875090390444,6.321233748458326,8.89121726155281,52.45250808075071,22.71309155970812,29.081005603075027,37.97665620222688,11.476162411272526,18.683127276599407
TEST_09+6일,3.6540979146957397,6.594913601875305,6.638232231140137,3.844927847385406,1.0,1.0,17.436117500066757,2.5624018907546997,1.0,1.0215548425912857,1.0,1.1245227605104446,1.57698392868042,3.8451039791107178,27.4507574737072,1.0,20.49703449010849,1.0,1.573663353919983,16.50179898366332,13.376222029328346,1.0,1.5323381125926971,1,10.166098102927206,1,1,89.883593916893,6.899992346763611,2.490775052458048,1.47403172403574,5.428315356373787,4.464325904846191,2.1693916618824005,1.0,1.0,35.61577558517456,1.0,1.0,40.418627858161926,8.732766943052411,1.0,4.65223503112793,1,1.0,4.130391180515289,1,4.068656951189041,1.0,3.338166892528534,13.026421144604683,1.0,8.698602616786957,1.0,1.6956683993339539,1.0,4.068329632282257,1.2035244703292847,2.0501530170440674,1.2683811783790588,8.39228343963623,2.3158241361379623,7.320788411423564,10.627928361296654,3.869665928184986,3.829736113548279,1.0,1.0873012244701385,3.6529481410980225,1.0,1.625889167189598,3.334445744752884,1.0,1.0,3.1314932107925415,2.147318236529827,1,1.492876075208187,1.0,2.658698782324791,1.0023948550224304,1.0,1.0,1.0,1.0,1.0,2.353760451078415,2.082691192626953,2.1106016635894775,4.1990178525447845,65.17122063785791,1.206115484237671,1.991117000579834,5.630225747823715,1.0,1,1,1.0,20.51180773973465,3.9183205515146255,1.1375467479228973,1.0,4.443406730890274,1,10.118195554241538,28.740010373294357,14.581463724374771,6.340604364871979,3.308885172009468,1.0,1.4721427857875824,1.0,1.0,1.0,1.0,1.0,3.3817919343709946,2.3781003057956696,3.1790412962436676,1.0,1.0,1,1.0,1.0,1,1.0,1,1.0,1.0484009236097336,1.854391023516655,1.0,1,1,4.195484817028046,1.690780520439148,2.7393457293510437,2.4055514484643936,1.4368703961372375,1.8124264478683472,7.523907423019409,1.0,1,3.2804593443870544,1.1280710250139236,6.550765070132911,1.0,88.3912056684494,126.3894109427929,8.557212520390749,1.0,5.456541582942009,1.2976534967310727,1.0,10.814688767306507,1.0,1.0,12.075567157939076,3.7669878676533695,1.0,1.0,7.010966724716127,1.0,5.040320917963982,4.382272705435753,7.958068445324898,1.0,1.0,4.412824213504791,8.243752075824888,6.487638140562921,4.779715016484261,11.393428356386721,2.9541954025626183,3.208343326114118,15.39259538054466,6.048683505505324,1.1825336143374443,1.306946910917759,4.793067768216134,2.9825175181031227,21.822162978351116,8.753453493118286,7.969739176332951,5.5419038236141205,15.634969994425774,9.565314408391714,12.989281639456749,64.81756512075663,25.36161907017231,48.13336580991745,55.43890092521906,9.91086546331644,20.065165869891644
TEST_09+7일,7.354699969291687,2.3604274168610573,11.892843246459961,9.21933001279831,2.1671967208385468,1.0,4.066672414541245,3.085968643426895,1.0,1.5721091628074646,1.0,1.209230050444603,1.9206081330776215,4.260364919900894,37.50854730606079,1.0,1.0,1.0,3.4013834595680237,1.0,4.238976389169693,1.3325827941298485,1.6684535145759583,1,1.0,1,1,68.0310781672597,10.488679379224777,4.763607412576675,2.372283637523651,6.474633157253265,3.226393908262253,1.9759741425514221,1.0,5.026298761367798,51.01096057891846,1.0,1.0,45.97506448626518,12.604226537048817,1.394396424293518,4.752213001251221,1,1.0,4.850265681743622,1,5.408104598522186,1.0,3.326635956764221,21.3197004199028,1.0,8.015530467033386,1.0,3.892085552215576,1.0,4.9526965618133545,1.0762210935354233,1.8733616173267365,1.5517015755176544,17.925912857055664,8.598788470029831,14.465848043560982,14.617398127913475,10.128968339413404,3.2636168599128723,1.1005695909261703,2.232906073331833,4.551313817501068,1.0,1.7024865746498108,3.335055500268936,1.0,1.0,4.479612827301025,2.6017095893621445,1,2.3424752801656723,1.0,2.8146999776363373,1.2241799384355545,1.0792572796344757,1.0,1.0,1.7790937423706055,2.954559400677681,3.350825160741806,2.91373074054718,3.1460273265838623,7.988004803657532,4.7195690497756,1.3413713872432709,6.561908721923828,11.410289347171783,1.1560790985822678,1,1,1.0,11.972848534584045,7.1421705186367035,1.2580420076847076,1.1629929393529892,6.573730856180191,1,95.44593840837479,2.4631933495402336,23.10235106945038,6.7489805817604065,4.040197283029556,1.0683678090572357,3.0492138862609863,2.3946332931518555,1.0,1.0,1.0,1.1206663399934769,3.602324277162552,2.210875451564789,3.341507613658905,1.0,1.0,1,1.0,1.0,1,1.0,1,1.0,1.0,1.0,1.0,1,1,6.373953223228455,2.613505870103836,4.296608865261078,3.0519720911979675,1.5675947070121765,1.6771823167800903,11.1653733253479,1.293325126171112,1,4.556448459625244,1.7559877038002014,9.057642877101898,1.0,10.480033233761787,53.935026228427894,8.949976786971092,1.0,7.10009828209877,2.5046625919640064,1.0,15.966247206553817,1.0,1.0,16.494922809302807,5.660483308136463,1.0,1.0,11.030854169279337,1.2340261042118073,6.794009476900101,5.493522569537163,10.168297186493874,1.0,1.0,9.52080249786377,13.643469300121069,8.36626897007227,5.942145138978958,11.360713033936918,4.480520244687796,3.0611759051680565,34.00450982153416,13.921352665871382,1.6110468190163374,3.562382608652115,5.356727652251721,5.914749652147293,28.404287472367287,12.722807228565216,21.06646254658699,6.561215594410896,26.519315391778946,18.363207830116153,13.935267329216003,141.78064204752445,55.031332075595856,57.98429623246193,73.14851870760322,5.67168784327805,23.474731631577015
